 &plot nbnd= 101, nks=    71 /
            0.000000  0.000000  0.000000
  -48.236  -48.234  -48.233  -48.231  -22.750  -22.729  -22.615  -22.608  -22.549  -22.549
  -22.542  -22.542  -22.466  -22.466  -22.461  -22.461  -21.481  -21.442  -21.438  -21.420
   -6.478   -6.399   -6.159   -5.707   -5.485   -5.438   -5.248   -5.248   -4.906   -4.876
   -4.692   -4.692   -3.827   -3.796   -3.796   -3.534   -3.534   -3.483   -3.483   -3.480
   -3.383   -3.032   -3.032   -2.935    5.268    5.329    5.731    5.754    5.903    5.930
    6.138    6.520    6.520    6.886    7.728    7.728    7.736    7.736    8.256    8.256
    8.268    8.268    8.385    8.423    8.821    9.002    9.002    9.297    9.535    9.535
    9.707   10.064   10.064   10.308   10.335   10.335   10.739   10.795   10.795   10.842
   12.235   12.235   12.237   12.499   15.013   15.013   15.319   15.319   15.805   16.087
   16.175   16.182   16.212   16.335   16.335   16.350   16.411   16.857   17.606   17.806
   17.806
            0.000000  0.050000  0.000000
  -48.236  -48.234  -48.233  -48.231  -22.749  -22.729  -22.615  -22.608  -22.549  -22.548
  -22.542  -22.542  -22.467  -22.467  -22.461  -22.461  -21.481  -21.442  -21.438  -21.420
   -6.470   -6.400   -6.166   -5.703   -5.484   -5.434   -5.249   -5.246   -4.911   -4.883
   -4.713   -4.697   -3.812   -3.794   -3.784   -3.531   -3.528   -3.485   -3.479   -3.476
   -3.384   -3.036   -3.034   -2.939    5.269    5.329    5.748    5.771    5.920    5.945
    6.155    6.512    6.522    6.892    7.653    7.701    7.742    7.744    8.237    8.249
    8.251    8.266    8.420    8.459    8.855    8.994    9.003    9.300    9.502    9.535
    9.682   10.024   10.039   10.292   10.295   10.309   10.729   10.783   10.790   10.827
   12.256   12.265   12.285   12.540   14.996   15.001   15.320   15.320   15.786   16.109
   16.152   16.226   16.255   16.318   16.324   16.372   16.436   16.877   17.641   17.824
   17.831
            0.000000  0.100000  0.000000
  -48.236  -48.234  -48.233  -48.231  -22.749  -22.729  -22.615  -22.608  -22.548  -22.547
  -22.540  -22.540  -22.469  -22.468  -22.463  -22.463  -21.479  -21.442  -21.438  -21.420
   -6.445   -6.405   -6.185   -5.692   -5.479   -5.421   -5.253   -5.241   -4.928   -4.905
   -4.771   -4.713   -3.789   -3.773   -3.748   -3.525   -3.510   -3.491   -3.478   -3.456
   -3.386   -3.048   -3.041   -2.949    5.274    5.328    5.799    5.822    5.963    5.996
    6.204    6.492    6.531    6.912    7.487    7.630    7.759    7.767    8.183    8.202
    8.227    8.260    8.412    8.621    8.947    8.969    9.006    9.309    9.406    9.535
    9.612    9.911    9.971   10.176   10.238   10.259   10.702   10.750   10.773   10.781
   12.316   12.350   12.415   12.657   14.946   14.963   15.321   15.324   15.731   16.084
   16.176   16.271   16.293   16.349   16.382   16.440   16.508   16.938   17.739   17.871
   17.878
            0.000000  0.150000  0.000000
  -48.236  -48.234  -48.233  -48.231  -22.748  -22.729  -22.615  -22.608  -22.546  -22.544
  -22.538  -22.538  -22.473  -22.471  -22.465  -22.465  -21.477  -21.442  -21.438  -21.421
   -6.412   -6.406   -6.213   -5.673   -5.471   -5.401   -5.259   -5.236   -4.953   -4.937
   -4.859   -4.738   -3.780   -3.717   -3.694   -3.513   -3.501   -3.482   -3.476   -3.426
   -3.389   -3.067   -3.051   -2.965    5.280    5.326    5.882    5.904    6.025    6.090
    6.285    6.460    6.546    6.945    7.294    7.532    7.786    7.805    8.097    8.125
    8.187    8.242    8.398    8.810    8.933    9.010    9.078    9.257    9.324    9.505
    9.531    9.740    9.873   10.010   10.136   10.203   10.656   10.697   10.707   10.746
   12.412   12.481   12.603   12.832   14.863   14.901   15.325   15.332   15.639   15.979
   16.202   16.243   16.283   16.507   16.584   16.591   16.616   17.043   17.863   17.886
   17.964
            0.000000  0.200000  0.000000
  -48.236  -48.234  -48.234  -48.231  -22.747  -22.730  -22.614  -22.608  -22.544  -22.541
  -22.535  -22.535  -22.477  -22.474  -22.469  -22.468  -21.474  -21.443  -21.438  -21.423
   -6.421   -6.350   -6.247   -5.646   -5.460   -5.374   -5.268   -5.234   -4.983   -4.974
   -4.967   -4.772   -3.767   -3.652   -3.629   -3.514   -3.497   -3.472   -3.445   -3.394
   -3.389   -3.093   -3.065   -2.989    5.287    5.324    5.995    6.018    6.106    6.222
    6.396    6.420    6.567    6.995    7.100    7.423    7.822    7.858    7.981    8.026
    8.124    8.204    8.378    8.889    9.002    9.017    9.068    9.232    9.347    9.372
    9.518    9.526    9.767    9.816   10.028   10.132   10.596   10.611   10.627   10.707
   12.538   12.647   12.824   13.049   14.751   14.815   15.334   15.345   15.513   15.844
   16.119   16.175   16.427   16.657   16.744   16.847   16.850   17.193   17.845   18.061
   18.078
            0.000000  0.250000  0.000000
  -48.236  -48.234  -48.234  -48.231  -22.745  -22.731  -22.614  -22.609  -22.541  -22.537
  -22.531  -22.531  -22.483  -22.479  -22.473  -22.473  -21.470  -21.443  -21.437  -21.424
   -6.429   -6.285   -6.281   -5.613   -5.446   -5.339   -5.278   -5.237   -5.088   -5.014
   -5.011   -4.814   -3.751   -3.583   -3.558   -3.530   -3.477   -3.468   -3.403   -3.400
   -3.352   -3.125   -3.081   -3.018    5.293    5.322    6.137    6.161    6.209    6.379
    6.387    6.531    6.594    6.916    7.065    7.311    7.843    7.867    7.910    7.925
    8.033    8.130    8.352    8.845    8.851    9.027    9.189    9.225    9.282    9.376
    9.398    9.484    9.611    9.678    9.943   10.052   10.495   10.523   10.542   10.656
   12.688   12.836   13.063   13.294   14.611   14.706   15.351   15.358   15.366   15.685
   16.029   16.095   16.601   16.834   16.878   17.159   17.167   17.387   17.815   18.217
   18.244
            0.000000  0.300000  0.000000
  -48.236  -48.234  -48.234  -48.232  -22.744  -22.731  -22.613  -22.609  -22.537  -22.532
  -22.526  -22.526  -22.489  -22.484  -22.478  -22.478  -21.466  -21.444  -21.437  -21.426
   -6.437   -6.322   -6.197   -5.573   -5.431   -5.299   -5.291   -5.249   -5.218   -5.046
   -5.045   -4.862   -3.733   -3.549   -3.512   -3.488   -3.463   -3.452   -3.406   -3.359
   -3.319   -3.160   -3.099   -3.054    5.298    5.319    6.304    6.330    6.330    6.342
    6.581    6.628    6.683    6.750    7.160    7.203    7.686    7.784    7.909    7.918
    8.007    8.012    8.321    8.613    8.807    9.018    9.040    9.069    9.367    9.411
    9.413    9.423    9.567    9.627    9.905    9.967   10.367   10.441   10.447   10.591
   12.859   13.040   13.309   13.555   14.449   14.576   15.177   15.377   15.396   15.505
   15.936   16.004   16.799   17.012   17.042   17.507   17.523   17.615   17.772   18.372
   18.417
            0.000000  0.350000  0.000000
  -48.235  -48.234  -48.233  -48.232  -22.742  -22.732  -22.613  -22.610  -22.533  -22.527
  -22.521  -22.520  -22.496  -22.489  -22.484  -22.483  -21.462  -21.445  -21.436  -21.428
   -6.441   -6.356   -6.101   -5.528   -5.414   -5.352   -5.306   -5.270   -5.252   -5.074
   -5.072   -4.915   -3.712   -3.570   -3.458   -3.442   -3.424   -3.423   -3.414   -3.314
   -3.293   -3.199   -3.119   -3.095    5.302    5.317    6.314    6.470    6.493    6.523
    6.607    6.670    6.800    6.839    7.101    7.290    7.515    7.653    7.752    7.849
    7.972    8.103    8.284    8.361    8.742    8.783    8.911    9.058    9.227    9.347
    9.457    9.535    9.622    9.734    9.880    9.913   10.231   10.342   10.353   10.511
   13.046   13.251   13.558   13.823   14.268   14.426   14.976   15.306   15.414   15.437
   15.843   15.908   17.009   17.148   17.279   17.715   17.863   17.876   17.906   18.347
   18.538
            0.000000  0.400000  0.000000
  -48.235  -48.234  -48.233  -48.232  -22.740  -22.734  -22.612  -22.610  -22.528  -22.521
  -22.515  -22.514  -22.503  -22.495  -22.490  -22.489  -21.458  -21.446  -21.435  -21.429
   -6.442   -6.385   -5.994   -5.488   -5.480   -5.396   -5.322   -5.301   -5.201   -5.095
   -5.093   -4.972   -3.690   -3.593   -3.451   -3.421   -3.391   -3.375   -3.366   -3.279
   -3.272   -3.239   -3.142   -3.141    5.305    5.314    6.301    6.490    6.625    6.699
    6.720    6.734    6.987    7.007    7.039    7.336    7.463    7.521    7.566    7.649
    8.029    8.098    8.212    8.241    8.463    8.756    8.780    9.070    9.082    9.271
    9.510    9.663    9.693    9.795    9.895    9.952   10.095   10.228   10.262   10.417
   13.244   13.465   13.807   14.073   14.092   14.259   14.760   15.090   15.462   15.490
   15.753   15.812   17.205   17.304   17.544   17.643   18.117   18.158   18.254   18.304
   18.674
            0.000000  0.450000  0.000000
  -48.235  -48.234  -48.233  -48.232  -22.738  -22.735  -22.612  -22.611  -22.522  -22.514
  -22.510  -22.509  -22.508  -22.501  -22.496  -22.495  -21.454  -21.449  -21.434  -21.431
   -6.437   -6.409   -5.878   -5.622   -5.431   -5.377   -5.340   -5.339   -5.146   -5.108
   -5.106   -5.030   -3.666   -3.617   -3.444   -3.429   -3.356   -3.323   -3.311   -3.279
   -3.278   -3.232   -3.193   -3.167    5.308    5.312    6.309    6.402    6.778    6.793
    6.916    6.921    6.959    7.125    7.153    7.294    7.358    7.389    7.426    7.677
    7.829    8.086    8.187    8.194    8.333    8.606    8.803    8.946    9.114    9.207
    9.570    9.714    9.739    9.840    9.963   10.013   10.045   10.107   10.173   10.308
   13.450   13.677   13.869   14.053   14.077   14.357   14.532   14.859   15.521   15.555
   15.668   15.718   17.347   17.510   17.558   17.831   17.952   18.365   18.462   18.612
   18.711
            0.000000  0.500000  0.000000
  -48.235  -48.235  -48.233  -48.233  -22.736  -22.736  -22.611  -22.611  -22.516  -22.516
  -22.508  -22.508  -22.503  -22.503  -22.502  -22.502  -21.451  -21.451  -21.433  -21.433
   -6.426   -6.426   -5.753   -5.753   -5.383   -5.383   -5.358   -5.358   -5.111   -5.111
   -5.088   -5.088   -3.642   -3.642   -3.437   -3.437   -3.318   -3.318   -3.293   -3.293
   -3.250   -3.250   -3.198   -3.198    5.310    5.310    6.342    6.342    6.845    6.845
    6.970    6.970    7.139    7.139    7.193    7.193    7.258    7.258    7.560    7.560
    7.922    7.922    8.142    8.142    8.465    8.465    8.857    8.857    9.155    9.155
    9.639    9.639    9.842    9.842    9.978    9.978   10.089   10.089   10.184   10.184
   13.660   13.660   13.881   13.881   14.295   14.295   14.614   14.614   15.590   15.590
   15.632   15.632   17.460   17.460   17.733   17.733   18.138   18.138   18.592   18.592
   18.773
            0.050000  0.500000  0.000000
  -48.235  -48.235  -48.233  -48.233  -22.736  -22.736  -22.611  -22.611  -22.521  -22.521
  -22.509  -22.509  -22.503  -22.503  -22.495  -22.495  -21.451  -21.451  -21.433  -21.433
   -6.434   -6.434   -5.752   -5.752   -5.433   -5.433   -5.298   -5.298   -5.117   -5.117
   -5.092   -5.092   -3.634   -3.634   -3.437   -3.437   -3.327   -3.327   -3.292   -3.292
   -3.246   -3.246   -3.188   -3.188    5.309    5.309    6.311    6.311    6.871    6.871
    6.881    6.881    7.035    7.035    7.188    7.188    7.371    7.371    7.603    7.603
    7.978    7.978    8.143    8.143    8.462    8.462    8.844    8.844    9.173    9.173
    9.647    9.647    9.829    9.829    9.922    9.922   10.062   10.062   10.235   10.235
   13.551   13.551   13.988   13.988   14.317   14.317   14.626   14.626   15.566   15.566
   15.659   15.659   17.435   17.435   17.741   17.741   18.135   18.135   18.601   18.601
   18.747
            0.100000  0.500000  0.000000
  -48.235  -48.235  -48.233  -48.233  -22.736  -22.736  -22.611  -22.611  -22.529  -22.529
  -22.516  -22.516  -22.496  -22.496  -22.488  -22.488  -21.450  -21.450  -21.433  -21.433
   -6.455   -6.455   -5.749   -5.749   -5.485   -5.485   -5.219   -5.219   -5.132   -5.132
   -5.102   -5.102   -3.613   -3.613   -3.437   -3.437   -3.346   -3.346   -3.288   -3.288
   -3.233   -3.233   -3.165   -3.165    5.308    5.308    6.233    6.233    6.720    6.720
    6.832    6.832    6.932    6.932    7.257    7.257    7.456    7.456    7.704    7.704
    8.129    8.129    8.147    8.147    8.454    8.454    8.806    8.806    9.225    9.225
    9.670    9.670    9.794    9.794    9.819    9.819    9.985    9.985   10.326   10.326
   13.377   13.377   14.156   14.156   14.377   14.377   14.663   14.663   15.531   15.531
   15.705   15.705   17.361   17.361   17.764   17.764   18.126   18.126   18.566   18.566
   18.634
            0.150000  0.500000  0.000000
  -48.235  -48.235  -48.233  -48.233  -22.736  -22.736  -22.611  -22.611  -22.537  -22.537
  -22.523  -22.523  -22.488  -22.488  -22.482  -22.482  -21.449  -21.449  -21.433  -21.433
   -6.488   -6.488   -5.744   -5.744   -5.527   -5.527   -5.156   -5.156   -5.134   -5.134
   -5.117   -5.117   -3.581   -3.581   -3.438   -3.438   -3.371   -3.371   -3.282   -3.282
   -3.213   -3.213   -3.135   -3.135    5.305    5.305    6.133    6.133    6.546    6.546
    6.632    6.632    7.006    7.006    7.330    7.330    7.506    7.506    7.816    7.816
    8.153    8.153    8.332    8.332    8.443    8.443    8.751    8.751    9.308    9.308
    9.707    9.707    9.711    9.711    9.740    9.740    9.865    9.865   10.415   10.415
   13.200   13.200   14.325   14.325   14.468   14.469   14.718   14.718   15.496   15.496
   15.755   15.755   17.245   17.245   17.797   17.797   18.119   18.119   18.371   18.371
   18.697
            0.200000  0.500000  0.000000
  -48.235  -48.235  -48.233  -48.233  -22.735  -22.735  -22.611  -22.611  -22.544  -22.544
  -22.529  -22.529  -22.482  -22.482  -22.476  -22.476  -21.448  -21.448  -21.434  -21.434
   -6.526   -6.526   -5.738   -5.738   -5.561   -5.561   -5.184   -5.184   -5.136   -5.136
   -5.047   -5.047   -3.544   -3.544   -3.438   -3.438   -3.396   -3.396   -3.272   -3.272
   -3.189   -3.189   -3.104   -3.104    5.301    5.301    6.028    6.028    6.379    6.379
    6.445    6.445    7.078    7.078    7.417    7.417    7.543    7.543    7.914    7.914
    8.161    8.161    8.427    8.427    8.552    8.552    8.685    8.685    9.412    9.412
    9.610    9.610    9.672    9.672    9.718    9.718    9.754    9.754   10.495   10.495
   13.029   13.029   14.483   14.483   14.579   14.579   14.786   14.786   15.463   15.463
   15.807   15.807   17.098   17.098   17.838   17.838   18.117   18.117   18.172   18.172
   18.784
            0.250000  0.500000  0.000000
  -48.235  -48.235  -48.233  -48.233  -22.735  -22.735  -22.611  -22.611  -22.551  -22.551
  -22.534  -22.534  -22.476  -22.476  -22.470  -22.470  -21.446  -21.446  -21.434  -21.434
   -6.566   -6.566   -5.731   -5.731   -5.589   -5.589   -5.213   -5.213   -5.157   -5.157
   -4.963   -4.963   -3.507   -3.507   -3.439   -3.439   -3.421   -3.421   -3.258   -3.258
   -3.162   -3.162   -3.073   -3.073    5.297    5.297    5.925    5.925    6.226    6.226
    6.279    6.279    7.141    7.141    7.521    7.521    7.574    7.574    7.986    7.986
    8.172    8.172    8.410    8.410    8.615    8.615    8.768    8.768    9.465    9.465
    9.521    9.521    9.597    9.597    9.616    9.616    9.808    9.808   10.562   10.562
   12.870   12.870   14.626   14.626   14.695   14.695   14.859   14.859   15.433   15.433
   15.857   15.858   16.936   16.936   17.880   17.880   17.976   17.976   18.124   18.124
   18.878
            0.300000  0.500000  0.000000
  -48.235  -48.235  -48.233  -48.233  -22.735  -22.735  -22.611  -22.611  -22.557  -22.557
  -22.538  -22.538  -22.471  -22.471  -22.466  -22.466  -21.445  -21.445  -21.435  -21.435
   -6.604   -6.604   -5.723   -5.723   -5.611   -5.611   -5.242   -5.242   -5.178   -5.178
   -4.886   -4.886   -3.476   -3.476   -3.445   -3.445   -3.440   -3.440   -3.241   -3.241
   -3.135   -3.135   -3.044   -3.044    5.291    5.291    5.832    5.832    6.094    6.094
    6.138    6.138    7.194    7.194    7.603    7.603    7.642    7.642    8.035    8.035
    8.183    8.183    8.392    8.393    8.547    8.547    8.965    8.965    9.317    9.317
    9.447    9.447    9.522    9.522    9.710    9.710    9.864    9.864   10.615   10.615
   12.728   12.728   14.750   14.750   14.807   14.807   14.930   14.930   15.405   15.405
   15.904   15.904   16.776   16.776   17.794   17.794   17.920   17.920   18.135   18.135
   18.964
            0.350000  0.500000  0.000000
  -48.235  -48.235  -48.233  -48.233  -22.734  -22.734  -22.611  -22.611  -22.562  -22.562
  -22.542  -22.542  -22.468  -22.468  -22.462  -22.462  -21.444  -21.444  -21.436  -21.436
   -6.636   -6.636   -5.716   -5.716   -5.628   -5.628   -5.266   -5.266   -5.197   -5.197
   -4.819   -4.819   -3.466   -3.466   -3.451   -3.451   -3.440   -3.440   -3.222   -3.222
   -3.112   -3.112   -3.020   -3.020    5.285    5.285    5.754    5.754    5.987    5.987
    6.027    6.027    7.234    7.234    7.628    7.628    7.778    7.778    8.063    8.063
    8.195    8.195    8.375    8.375    8.482    8.482    9.132    9.132    9.134    9.134
    9.389    9.389    9.454    9.454    9.830    9.830    9.916    9.916   10.656   10.656
   12.609   12.609   14.850   14.850   14.903   14.903   14.991   14.991   15.382   15.382
   15.944   15.944   16.632   16.632   17.637   17.637   17.955   17.955   18.149   18.149
   18.958
            0.400000  0.500000  0.000000
  -48.235  -48.235  -48.233  -48.233  -22.734  -22.734  -22.611  -22.611  -22.565  -22.565
  -22.545  -22.545  -22.465  -22.465  -22.459  -22.459  -21.443  -21.443  -21.436  -21.436
   -6.661   -6.661   -5.710   -5.710   -5.640   -5.640   -5.285   -5.285   -5.213   -5.213
   -4.768   -4.768   -3.482   -3.482   -3.441   -3.441   -3.435   -3.435   -3.204   -3.204
   -3.093   -3.093   -3.001   -3.001    5.280    5.280    5.695    5.695    5.909    5.909
    5.946    5.946    7.262    7.262    7.649    7.649    7.924    7.924    8.077    8.077
    8.206    8.206    8.360    8.360    8.417    8.417    8.966    8.966    9.259    9.259
    9.349    9.349    9.400    9.400    9.930    9.930    9.960    9.960   10.684   10.684
   12.518   12.518   14.925   14.925   14.977   14.977   15.038   15.038   15.364   15.364
   15.974   15.974   16.518   16.518   17.516   17.516   17.982   17.982   18.162   18.162
   18.938
            0.450000  0.500000  0.000000
  -48.235  -48.235  -48.233  -48.233  -22.734  -22.734  -22.611  -22.611  -22.567  -22.567
  -22.546  -22.546  -22.463  -22.463  -22.458  -22.458  -21.442  -21.442  -21.436  -21.436
   -6.677   -6.677   -5.706   -5.706   -5.647   -5.647   -5.296   -5.296   -5.222   -5.222
   -4.736   -4.736   -3.493   -3.493   -3.441   -3.441   -3.426   -3.426   -3.191   -3.191
   -3.081   -3.081   -2.990   -2.990    5.276    5.276    5.659    5.659    5.861    5.861
    5.898    5.898    7.278    7.278    7.663    7.663    8.056    8.056    8.100    8.100
    8.215    8.215    8.337    8.337    8.349    8.349    8.843    8.843    9.325    9.325
    9.339    9.339    9.365    9.365    9.988    9.988    9.996    9.996   10.701   10.701
   12.461   12.461   14.971   14.971   15.023   15.023   15.068   15.068   15.353   15.353
   15.993   15.993   16.446   16.446   17.440   17.440   17.999   17.999   18.170   18.170
   18.927
            0.500000  0.500000  0.000000
  -48.235  -48.235  -48.233  -48.233  -22.734  -22.734  -22.611  -22.611  -22.568  -22.568
  -22.547  -22.547  -22.463  -22.463  -22.457  -22.457  -21.442  -21.442  -21.436  -21.436
   -6.682   -6.682   -5.705   -5.705   -5.649   -5.649   -5.300   -5.300   -5.226   -5.226
   -4.725   -4.725   -3.497   -3.497   -3.441   -3.441   -3.424   -3.424   -3.187   -3.187
   -3.077   -3.077   -2.986   -2.986    5.275    5.275    5.646    5.646    5.845    5.845
    5.882    5.882    7.283    7.283    7.668    7.668    8.074    8.074    8.206    8.206
    8.218    8.218    8.242    8.242    8.345    8.345    8.796    8.796    9.317    9.317
    9.353    9.353    9.367    9.367    9.998    9.998   10.019   10.019   10.706   10.706
   12.442   12.442   14.986   14.986   15.038   15.039   15.078   15.078   15.349   15.349
   15.999   15.999   16.421   16.421   17.414   17.414   18.005   18.005   18.173   18.173
   18.925
            0.450000  0.450000  0.000000
  -48.235  -48.235  -48.233  -48.233  -22.734  -22.733  -22.611  -22.611  -22.567  -22.566
  -22.547  -22.545  -22.465  -22.463  -22.459  -22.457  -21.443  -21.442  -21.436  -21.436
   -6.674   -6.669   -5.731   -5.683   -5.650   -5.640   -5.293   -5.292   -5.222   -5.217
   -4.751   -4.742   -3.498   -3.481   -3.442   -3.440   -3.433   -3.425   -3.199   -3.193
   -3.091   -3.079   -2.998   -2.990    5.275    5.280    5.668    5.675    5.844    5.883
    5.910    5.945    7.252    7.293    7.634    7.682    7.914    8.055    8.070    8.205
    8.218    8.240    8.267    8.333    8.373    8.397    8.813    8.950    9.257    9.300
    9.347    9.364    9.373    9.403    9.927    9.956   10.002   10.022   10.682   10.708
   12.436   12.523   14.924   14.974   14.987   15.019   15.041   15.097   15.348   15.365
   15.966   16.007   16.420   16.519   17.410   17.518   17.955   18.031   18.119   18.216
   18.922
            0.400000  0.400000  0.000000
  -48.235  -48.235  -48.233  -48.233  -22.735  -22.733  -22.612  -22.611  -22.566  -22.558
  -22.547  -22.539  -22.471  -22.465  -22.463  -22.458  -21.445  -21.442  -21.437  -21.435
   -6.650   -6.632   -5.803   -5.650   -5.619   -5.611   -5.270   -5.267   -5.217   -5.191
   -4.827   -4.790   -3.500   -3.461   -3.445   -3.438   -3.436   -3.429   -3.235   -3.211
   -3.133   -3.082   -3.032   -3.001    5.276    5.290    5.730    5.759    5.840    5.886
    6.098    6.134    7.171    7.323    7.547    7.563    7.726    7.984    8.069    8.169
    8.226    8.295    8.325    8.342    8.450    8.478    8.862    8.952    9.251    9.266
    9.332    9.393    9.495    9.538    9.692    9.848   10.015   10.031   10.608   10.714
   12.421   12.747   14.746   14.790   14.850   14.988   15.052   15.153   15.346   15.412
   15.875   16.031   16.417   16.776   17.397   17.781   17.811   17.966   18.107   18.344
   18.888
            0.350000  0.350000  0.000000
  -48.235  -48.234  -48.233  -48.232  -22.737  -22.733  -22.612  -22.610  -22.564  -22.548
  -22.546  -22.529  -22.481  -22.475  -22.463  -22.458  -21.449  -21.442  -21.437  -21.433
   -6.614   -6.574   -5.903   -5.650   -5.566   -5.517   -5.234   -5.228   -5.223   -5.148
   -4.939   -4.859   -3.504   -3.504   -3.449   -3.436   -3.430   -3.375   -3.292   -3.240
   -3.200   -3.086   -3.081   -3.017    5.278    5.300    5.826    5.836    5.890    5.897
    6.392    6.435    7.059    7.219    7.371    7.430    7.795    7.828    8.081    8.113
    8.233    8.245    8.449    8.468    8.512    8.551    8.567    8.941    9.175    9.313
    9.414    9.429    9.604    9.684    9.716    9.730   10.035   10.046   10.481   10.724
   12.397   13.065   14.469   14.505   14.587   14.991   15.083   15.244   15.343   15.489
   15.749   16.069   16.412   17.101   17.366   17.590   17.741   18.047   18.226   18.550
   18.604
            0.300000  0.300000  0.000000
  -48.235  -48.234  -48.233  -48.232  -22.739  -22.732  -22.613  -22.610  -22.561  -22.545
  -22.534  -22.518  -22.493  -22.487  -22.464  -22.458  -21.455  -21.442  -21.437  -21.431
   -6.568   -6.502   -6.017   -5.651   -5.509   -5.385   -5.246   -5.185   -5.178   -5.091
   -5.072   -4.939   -3.558   -3.510   -3.455   -3.444   -3.421   -3.367   -3.304   -3.288
   -3.277   -3.157   -3.070   -3.034    5.280    5.308    5.830    5.895    5.948    6.087
    6.758    6.820    6.901    6.937    7.305    7.431    7.556    7.881    8.003    8.044
    8.105    8.150    8.274    8.607    8.633    8.644    8.721    9.047    9.079    9.194
    9.301    9.484    9.590    9.903    9.917    9.951   10.063   10.068   10.298   10.736
   12.367   13.435   14.121   14.149   14.254   14.995   15.145   15.339   15.366   15.595
   15.616   16.116   16.405   17.302   17.316   17.402   17.476   18.146   18.246   18.375
   18.830
            0.250000  0.250000  0.000000
  -48.236  -48.234  -48.233  -48.232  -22.742  -22.731  -22.613  -22.609  -22.559  -22.545
  -22.518  -22.506  -22.504  -22.500  -22.464  -22.459  -21.461  -21.442  -21.437  -21.428
   -6.520   -6.422   -6.134   -5.651   -5.445   -5.283   -5.233   -5.208   -5.126   -5.119
   -5.021   -5.020   -3.616   -3.515   -3.461   -3.455   -3.454   -3.412   -3.392   -3.321
   -3.239   -3.232   -3.049   -3.048    5.281    5.314    5.824    5.897    6.083    6.323
    6.618    6.820    7.156    7.183    7.186    7.245    7.482    7.499    7.969    7.977
    8.054    8.137    8.309    8.722    8.791    8.871    8.905    8.971    9.069    9.178
    9.317    9.487    9.561   10.060   10.097   10.097   10.130   10.177   10.185   10.750
   12.335   13.729   13.749   13.822   13.880   14.999   15.244   15.334   15.499   15.514
   15.724   16.168   16.393   17.021   17.190   17.196   17.624   17.866   18.109   18.403
   18.541
            0.200000  0.200000  0.000000
  -48.236  -48.234  -48.233  -48.232  -22.744  -22.731  -22.614  -22.609  -22.556  -22.544
  -22.519  -22.513  -22.502  -22.491  -22.465  -22.459  -21.467  -21.442  -21.438  -21.425
   -6.474   -6.341   -6.244   -5.654   -5.381   -5.328   -5.327   -5.096   -5.074   -5.060
   -5.057   -4.939   -3.673   -3.549   -3.521   -3.506   -3.467   -3.463   -3.403   -3.367
   -3.324   -3.166   -3.054   -3.020    5.282    5.319    5.817    5.895    6.218    6.377
    6.601    6.716    6.775    6.998    7.083    7.534    7.568    7.650    7.896    7.956
    8.071    8.172    8.344    8.809    8.861    8.993    9.014    9.112    9.126    9.350
    9.389    9.410    9.664    9.772   10.135   10.138   10.344   10.391   10.398   10.763
   12.304   13.321   13.334   13.492   14.195   15.003   15.329   15.377   15.412   15.680
   15.870   16.220   16.375   16.737   16.927   17.015   17.509   17.761   17.829   18.026
   18.453
            0.150000  0.150000  0.000000
  -48.236  -48.234  -48.234  -48.231  -22.746  -22.730  -22.614  -22.608  -22.553  -22.543
  -22.531  -22.525  -22.488  -22.479  -22.466  -22.460  -21.473  -21.442  -21.438  -21.423
   -6.438   -6.340   -6.269   -5.664   -5.415   -5.370   -5.325   -5.160   -4.999   -4.994
   -4.925   -4.855   -3.723   -3.641   -3.620   -3.526   -3.472   -3.471   -3.412   -3.405
   -3.395   -3.109   -3.052   -2.988    5.280    5.323    5.808    5.882    6.185    6.339
    6.399    6.595    6.632    6.912    6.998    7.632    7.830    7.849    7.867    7.965
    8.154    8.206    8.376    8.755    8.887    8.998    9.196    9.320    9.326    9.357
    9.451    9.547    9.627    9.788   10.184   10.184   10.530   10.555   10.577   10.776
   12.276   12.925   12.934   13.121   14.526   15.007   15.325   15.358   15.527   15.851
   16.026   16.266   16.338   16.497   16.690   16.776   17.184   17.302   17.833   17.940
   18.128
            0.100000  0.100000  0.000000
  -48.236  -48.234  -48.233  -48.231  -22.748  -22.729  -22.615  -22.608  -22.551  -22.543
  -22.541  -22.534  -22.476  -22.469  -22.466  -22.460  -21.477  -21.442  -21.438  -21.421
   -6.415   -6.414   -6.210   -5.682   -5.463   -5.406   -5.283   -5.208   -4.950   -4.934
   -4.802   -4.775   -3.763   -3.723   -3.721   -3.530   -3.478   -3.476   -3.473   -3.449
   -3.388   -3.067   -3.044   -2.961    5.276    5.327    5.793    5.844    6.044    6.107
    6.313    6.436    6.570    6.936    7.243    7.683    7.780    7.797    8.076    8.155
    8.216    8.232    8.401    8.646    8.949    8.997    9.132    9.322    9.373    9.439
    9.520    9.774    9.917    9.962   10.235   10.245   10.660   10.673   10.720   10.786
   12.254   12.578   12.583   12.803   14.787   15.011   15.322   15.331   15.668   16.010
   16.174   16.242   16.303   16.354   16.507   16.511   16.765   17.027   17.860   17.864
   17.868
            0.050000  0.050000  0.000000
  -48.236  -48.234  -48.233  -48.231  -22.749  -22.729  -22.615  -22.608  -22.549  -22.547
  -22.542  -22.540  -22.469  -22.466  -22.463  -22.461  -21.480  -21.442  -21.438  -21.420
   -6.462   -6.402   -6.173   -5.700   -5.481   -5.430   -5.257   -5.238   -4.917   -4.891
   -4.720   -4.715   -3.798   -3.788   -3.776   -3.533   -3.518   -3.482   -3.479   -3.475
   -3.384   -3.041   -3.035   -2.942    5.271    5.329    5.759    5.785    5.944    5.959
    6.174    6.498    6.532    6.899    7.559    7.717    7.747    7.752    8.211    8.243
    8.250    8.255    8.417    8.502    8.896    8.989    9.000    9.303    9.493    9.511
    9.657    9.980   10.022   10.231   10.285   10.306   10.720   10.764   10.793   10.811
   12.240   12.329   12.332   12.581   14.955   15.013   15.320   15.321   15.768   16.129
   16.130   16.255   16.289   16.296   16.327   16.391   16.476   16.898   17.674   17.822
   17.874
            0.000000  0.000000  0.000000
  -48.236  -48.234  -48.233  -48.231  -22.750  -22.729  -22.615  -22.608  -22.549  -22.549
  -22.542  -22.542  -22.466  -22.466  -22.461  -22.461  -21.481  -21.442  -21.438  -21.420
   -6.478   -6.399   -6.159   -5.707   -5.485   -5.438   -5.248   -5.248   -4.906   -4.876
   -4.692   -4.692   -3.827   -3.796   -3.796   -3.534   -3.534   -3.483   -3.483   -3.480
   -3.383   -3.032   -3.032   -2.935    5.268    5.329    5.731    5.754    5.903    5.930
    6.138    6.520    6.520    6.886    7.728    7.728    7.736    7.736    8.256    8.256
    8.268    8.268    8.385    8.423    8.821    9.002    9.002    9.297    9.535    9.535
    9.707   10.064   10.064   10.308   10.335   10.335   10.739   10.795   10.795   10.842
   12.235   12.235   12.237   12.499   15.013   15.013   15.319   15.319   15.805   16.087
   16.175   16.182   16.212   16.335   16.335   16.350   16.411   16.857   17.606   17.806
   17.806
            0.000000  0.000000  0.036364
  -48.236  -48.234  -48.233  -48.231  -22.749  -22.728  -22.616  -22.609  -22.549  -22.549
  -22.542  -22.542  -22.466  -22.466  -22.461  -22.461  -21.481  -21.442  -21.439  -21.420
   -6.475   -6.395   -6.153   -5.709   -5.485   -5.438   -5.246   -5.246   -4.914   -4.885
   -4.698   -4.698   -3.824   -3.789   -3.789   -3.533   -3.533   -3.484   -3.484   -3.476
   -3.386   -3.035   -3.035   -2.938    5.286    5.349    5.732    5.754    5.904    5.936
    6.141    6.524    6.524    6.880    7.718    7.718    7.732    7.732    8.253    8.253
    8.272    8.272    8.392    8.407    8.825    9.024    9.024    9.266    9.521    9.521
    9.700   10.065   10.065   10.282   10.329   10.329   10.740   10.787   10.787   10.842
   12.239   12.262   12.262   12.498   15.019   15.019   15.301   15.301   15.807   16.099
   16.173   16.183   16.211   16.320   16.320   16.362   16.431   16.882   17.610   17.824
   17.825
            0.000000  0.000000  0.072727
  -48.236  -48.234  -48.233  -48.231  -22.746  -22.726  -22.618  -22.611  -22.549  -22.549
  -22.543  -22.543  -22.466  -22.466  -22.461  -22.461  -21.480  -21.442  -21.439  -21.420
   -6.468   -6.383   -6.132   -5.712   -5.484   -5.439   -5.239   -5.239   -4.940   -4.913
   -4.716   -4.716   -3.816   -3.767   -3.767   -3.533   -3.533   -3.485   -3.485   -3.464
   -3.394   -3.046   -3.046   -2.947    5.338    5.408    5.732    5.754    5.905    5.954
    6.149    6.537    6.537    6.863    7.668    7.668    7.744    7.744    8.246    8.246
    8.284    8.284    8.360    8.411    8.839    9.085    9.085    9.175    9.478    9.478
    9.681   10.067   10.067   10.206   10.316   10.316   10.741   10.764   10.764   10.840
   12.243   12.339   12.339   12.492   15.035   15.035   15.248   15.248   15.815   16.135
   16.167   16.185   16.211   16.278   16.278   16.397   16.490   16.959   17.625   17.876
   17.876
            0.000000  0.000000  0.109091
  -48.236  -48.234  -48.233  -48.231  -22.742  -22.723  -22.623  -22.614  -22.549  -22.549
  -22.543  -22.543  -22.466  -22.466  -22.461  -22.461  -21.479  -21.441  -21.441  -21.421
   -6.457   -6.365   -6.099   -5.717   -5.483   -5.440   -5.228   -5.228   -4.983   -4.958
   -4.743   -4.743   -3.804   -3.734   -3.734   -3.531   -3.531   -3.486   -3.486   -3.444
   -3.409   -3.064   -3.064   -2.961    5.422    5.504    5.733    5.753    5.906    5.983
    6.165    6.559    6.559    6.834    7.594    7.594    7.764    7.764    8.234    8.234
    8.281    8.305    8.305    8.443    8.862    9.030    9.176    9.176    9.411    9.411
    9.649   10.072   10.072   10.089   10.296   10.296   10.725   10.725   10.744   10.837
   12.251   12.460   12.460   12.484   15.062   15.062   15.162   15.162   15.827   16.157
   16.188   16.194   16.210   16.213   16.213   16.457   16.581   17.087   17.649   17.958
   17.958
            0.000000  0.000000  0.145455
  -48.236  -48.234  -48.233  -48.231  -22.737  -22.718  -22.628  -22.620  -22.548  -22.548
  -22.543  -22.543  -22.466  -22.466  -22.461  -22.461  -21.477  -21.442  -21.440  -21.422
   -6.441   -6.343   -6.053   -5.719   -5.481   -5.442   -5.212   -5.212   -5.039   -5.019
   -4.778   -4.778   -3.787   -3.690   -3.690   -3.529   -3.529   -3.488   -3.488   -3.428
   -3.418   -3.088   -3.088   -2.980    5.528    5.635    5.734    5.752    5.908    6.022
    6.195    6.589    6.589    6.795    7.506    7.506    7.790    7.790    8.170    8.217
    8.217    8.334    8.334    8.488    8.838    8.893    9.289    9.289    9.325    9.325
    9.607    9.943   10.078   10.078   10.274   10.274   10.672   10.672   10.749   10.832
   12.261   12.472   12.615   12.615   15.044   15.044   15.100   15.100   15.843   16.130
   16.130   16.143   16.190   16.210   16.273   16.539   16.695   17.264   17.682   18.047
   18.065
            0.000000  0.000000  0.181818
  -48.236  -48.234  -48.233  -48.232  -22.730  -22.712  -22.635  -22.626  -22.548  -22.548
  -22.543  -22.543  -22.466  -22.466  -22.461  -22.461  -21.475  -21.444  -21.439  -21.423
   -6.422   -6.321   -5.995   -5.717   -5.478   -5.445   -5.192   -5.192   -5.107   -5.093
   -4.818   -4.818   -3.765   -3.640   -3.640   -3.526   -3.526   -3.491   -3.491   -3.452
   -3.387   -3.119   -3.119   -3.005    5.642    5.735    5.751    5.799    5.910    6.071
    6.250    6.628    6.628    6.747    7.410    7.410    7.823    7.823    8.026    8.195
    8.195    8.372    8.372    8.546    8.609    8.933    9.226    9.226    9.416    9.416
    9.555    9.781   10.086   10.086   10.252   10.252   10.605   10.605   10.754   10.827
   12.273   12.458   12.798   12.798   14.899   14.899   15.148   15.148   15.863   16.037
   16.037   16.125   16.193   16.209   16.372   16.641   16.828   17.480   17.723   17.915
   18.074
            0.000000  0.000000  0.218182
  -48.236  -48.234  -48.233  -48.232  -22.723  -22.704  -22.643  -22.633  -22.548  -22.548
  -22.544  -22.544  -22.465  -22.465  -22.462  -22.462  -21.472  -21.447  -21.438  -21.424
   -6.400   -6.301   -5.926   -5.705   -5.476   -5.448   -5.184   -5.178   -5.167   -5.167
   -4.861   -4.861   -3.740   -3.585   -3.585   -3.523   -3.523   -3.494   -3.494   -3.480
   -3.350   -3.156   -3.156   -3.034    5.736    5.745    5.750    5.911    5.990    6.129
    6.348    6.675    6.675    6.690    7.311    7.311    7.852    7.860    7.860    8.169
    8.169    8.352    8.419    8.419    8.615    8.980    9.119    9.119    9.496    9.550
    9.550    9.613   10.096   10.096   10.229   10.229   10.524   10.524   10.760   10.821
   12.288   12.442   13.000   13.000   14.730   14.730   15.206   15.206   15.887   15.936
   15.936   16.105   16.195   16.208   16.488   16.761   16.978   17.727   17.765   17.772
   17.950
            0.000000  0.000000  0.254545
  -48.236  -48.234  -48.233  -48.232  -22.714  -22.696  -22.653  -22.641  -22.547  -22.547
  -22.544  -22.544  -22.465  -22.465  -22.462  -22.462  -21.469  -21.450  -21.436  -21.426
   -6.376   -6.288   -5.848   -5.679   -5.472   -5.451   -5.271   -5.266   -5.139   -5.139
   -4.905   -4.905   -3.712   -3.527   -3.527   -3.520   -3.520   -3.510   -3.497   -3.497
   -3.311   -3.198   -3.198   -3.067    5.738    5.748    5.820    5.912    6.193    6.205
    6.501    6.627    6.730    6.730    7.213    7.213    7.650    7.900    7.900    8.075
    8.139    8.139    8.476    8.476    8.697    9.010    9.010    9.034    9.432    9.448
    9.687    9.687   10.108   10.108   10.208   10.208   10.431   10.431   10.767   10.814
   12.305   12.423   13.216   13.216   14.542   14.542   15.274   15.274   15.832   15.832
   15.913   16.081   16.196   16.206   16.621   16.896   17.144   17.604   17.813   17.828
   17.992
            0.000000  0.000000  0.290909
  -48.236  -48.235  -48.232  -48.232  -22.704  -22.688  -22.663  -22.650  -22.547  -22.547
  -22.545  -22.545  -22.464  -22.464  -22.463  -22.463  -21.466  -21.453  -21.435  -21.428
   -6.351   -6.286   -5.761   -5.638   -5.469   -5.454   -5.369   -5.351   -5.107   -5.107
   -4.949   -4.949   -3.680   -3.543   -3.516   -3.516   -3.501   -3.501   -3.468   -3.468
   -3.269   -3.246   -3.246   -3.103    5.739    5.746    5.865    5.912    6.262    6.437
    6.557    6.706    6.794    6.794    7.118    7.118    7.425    7.789    7.943    7.943
    8.105    8.105    8.543    8.543    8.791    8.903    8.903    9.093    9.292    9.364
    9.824    9.824   10.121   10.121   10.188   10.188   10.326   10.326   10.774   10.806
   12.323   12.404   13.440   13.440   14.337   14.337   15.351   15.351   15.728   15.728
   15.940   16.055   16.198   16.205   16.767   17.041   17.323   17.435   17.665   17.888
   18.130
            0.000000  0.000000  0.327273
  -48.235  -48.235  -48.232  -48.232  -22.694  -22.678  -22.673  -22.659  -22.546  -22.546
  -22.545  -22.545  -22.464  -22.464  -22.463  -22.463  -21.463  -21.456  -21.433  -21.429
   -6.328   -6.292   -5.668   -5.582   -5.470   -5.465   -5.458   -5.434   -5.072   -5.072
   -4.992   -4.992   -3.647   -3.578   -3.513   -3.513   -3.505   -3.505   -3.409   -3.409
   -3.297   -3.297   -3.227   -3.143    5.741    5.745    5.890    5.910    6.335    6.485
    6.683    6.864    6.864    6.949    7.027    7.027    7.183    7.500    7.985    7.985
    8.068    8.068    8.620    8.620    8.801    8.801    8.898    9.148    9.157    9.294
    9.959    9.959   10.135   10.135   10.169   10.169   10.212   10.212   10.782   10.798
   12.343   12.384   13.669   13.669   14.121   14.121   15.436   15.436   15.626   15.626
   15.969   16.027   16.200   16.203   16.925   17.195   17.263   17.510   17.515   17.922
   17.952
            0.000000  0.000000  0.363636
  -48.235  -48.235  -48.232  -48.232  -22.683  -22.683  -22.669  -22.669  -22.546  -22.546
  -22.546  -22.546  -22.464  -22.464  -22.463  -22.463  -21.459  -21.459  -21.431  -21.431
   -6.307   -6.307   -5.570   -5.570   -5.513   -5.513   -5.462   -5.461   -5.033   -5.033
   -5.033   -5.033   -3.613   -3.613   -3.509   -3.509   -3.509   -3.509   -3.352   -3.352
   -3.352   -3.352   -3.184   -3.184    5.743    5.743    5.903    5.903    6.410    6.410
    6.934    6.934    6.942    6.942    6.943    6.943    7.217    7.217    8.027    8.027
    8.028    8.028    8.706    8.706    8.706    8.706    9.016    9.017    9.225    9.225
   10.089   10.089   10.089   10.089   10.152   10.152   10.152   10.152   10.790   10.790
   12.363   12.363   13.897   13.897   13.897   13.897   15.528   15.528   15.528   15.528
   15.999   15.999   16.201   16.202   17.092   17.092   17.352   17.352   17.716   17.716
   18.017
            0.000000  0.050000  0.363636
  -48.235  -48.235  -48.232  -48.232  -22.683  -22.683  -22.669  -22.669  -22.545  -22.545
  -22.545  -22.545  -22.464  -22.464  -22.464  -22.464  -21.459  -21.459  -21.431  -21.431
   -6.302   -6.302   -5.579   -5.579   -5.515   -5.514   -5.459   -5.459   -5.036   -5.035
   -5.034   -5.034   -3.617   -3.617   -3.509   -3.509   -3.505   -3.505   -3.354   -3.354
   -3.342   -3.342   -3.184   -3.184    5.760    5.760    5.920    5.920    6.416    6.416
    6.932    6.932    6.940    6.940    6.947    6.947    7.223    7.224    7.991    7.991
    8.015    8.015    8.677    8.677    8.678    8.678    9.051    9.051    9.261    9.261
   10.083   10.083   10.087   10.088   10.111   10.111   10.128   10.129   10.779   10.780
   12.406   12.407   13.901   13.901   13.901   13.901   15.512   15.513   15.515   15.515
   15.978   15.978   16.246   16.246   17.114   17.114   17.368   17.368   17.733   17.733
   18.040
            0.000000  0.100000  0.363636
  -48.235  -48.235  -48.232  -48.232  -22.683  -22.683  -22.669  -22.669  -22.544  -22.544
  -22.544  -22.544  -22.466  -22.466  -22.466  -22.465  -21.458  -21.458  -21.431  -21.431
   -6.287   -6.287   -5.604   -5.604   -5.520   -5.520   -5.450   -5.450   -5.042   -5.042
   -5.037   -5.037   -3.627   -3.627   -3.508   -3.508   -3.494   -3.494   -3.360   -3.360
   -3.318   -3.318   -3.183   -3.183    5.810    5.810    5.969    5.969    6.433    6.433
    6.928    6.928    6.935    6.935    6.959    6.959    7.240    7.241    7.893    7.893
    7.979    7.979    8.604    8.604    8.611    8.611    9.127    9.127    9.349    9.349
   10.000   10.000   10.064   10.064   10.066   10.066   10.083   10.083   10.748   10.749
   12.528   12.528   13.913   13.913   13.914   13.914   15.467   15.468   15.477   15.477
   15.917   15.918   16.376   16.376   17.178   17.178   17.414   17.414   17.784   17.785
   18.106
            0.000000  0.150000  0.363636
  -48.235  -48.235  -48.232  -48.232  -22.682  -22.682  -22.670  -22.669  -22.542  -22.542
  -22.541  -22.541  -22.469  -22.469  -22.468  -22.468  -21.457  -21.457  -21.432  -21.432
   -6.262   -6.262   -5.642   -5.642   -5.527   -5.527   -5.437   -5.436   -5.054   -5.053
   -5.047   -5.047   -3.635   -3.635   -3.507   -3.507   -3.478   -3.478   -3.369   -3.369
   -3.284   -3.284   -3.180   -3.180    5.893    5.893    6.046    6.046    6.461    6.461
    6.920    6.920    6.934    6.934    6.980    6.980    7.266    7.266    7.757    7.757
    7.919    7.919    8.504    8.504    8.525    8.525    9.205    9.205    9.461    9.462
    9.845    9.845    9.972    9.972   10.041   10.041   10.074   10.074   10.699   10.699
   12.707   12.708   13.935   13.936   13.937   13.937   15.396   15.396   15.415   15.415
   15.819   15.819   16.582   16.582   17.280   17.280   17.488   17.488   17.863   17.863
   18.208
            0.000000  0.200000  0.363636
  -48.235  -48.235  -48.233  -48.232  -22.682  -22.681  -22.670  -22.670  -22.540  -22.539
  -22.538  -22.538  -22.473  -22.473  -22.472  -22.471  -21.455  -21.455  -21.433  -21.433
   -6.229   -6.229   -5.687   -5.687   -5.533   -5.533   -5.418   -5.418   -5.069   -5.069
   -5.069   -5.068   -3.637   -3.637   -3.505   -3.505   -3.462   -3.462   -3.381   -3.381
   -3.246   -3.246   -3.175   -3.175    6.006    6.006    6.145    6.145    6.501    6.501
    6.907    6.907    6.943    6.943    7.009    7.009    7.297    7.297    7.604    7.604
    7.840    7.840    8.382    8.382    8.425    8.425    9.234    9.234    9.579    9.579
    9.696    9.696    9.875    9.875   10.010   10.010   10.061   10.061   10.635   10.635
   12.926   12.926   13.971   13.972   13.974   13.974   15.302   15.302   15.330   15.330
   15.688   15.688   16.850   16.851   17.412   17.412   17.589   17.589   17.958   17.958
   18.331
            0.000000  0.250000  0.363636
  -48.235  -48.234  -48.233  -48.232  -22.681  -22.680  -22.670  -22.670  -22.536  -22.536
  -22.534  -22.534  -22.478  -22.478  -22.476  -22.476  -21.453  -21.453  -21.434  -21.434
   -6.189   -6.189   -5.735   -5.735   -5.535   -5.535   -5.394   -5.394   -5.103   -5.103
   -5.089   -5.089   -3.630   -3.630   -3.502   -3.502   -3.451   -3.451   -3.396   -3.396
   -3.209   -3.209   -3.165   -3.165    6.148    6.148    6.254    6.254    6.555    6.555
    6.890    6.890    6.973    6.973    7.047    7.047    7.336    7.336    7.450    7.450
    7.746    7.746    8.245    8.245    8.302    8.303    9.140    9.140    9.635    9.635
    9.683    9.683    9.803    9.803    9.976    9.977   10.041   10.041   10.560   10.561
   13.168   13.168   14.023   14.023   14.027   14.027   15.190   15.190   15.225   15.226
   15.529   15.529   17.168   17.168   17.566   17.566   17.714   17.714   18.058   18.058
   18.452
            0.000000  0.300000  0.363636
  -48.235  -48.234  -48.233  -48.233  -22.680  -22.679  -22.671  -22.671  -22.532  -22.532
  -22.529  -22.529  -22.484  -22.483  -22.481  -22.480  -21.451  -21.451  -21.435  -21.435
   -6.145   -6.145   -5.784   -5.784   -5.530   -5.530   -5.367   -5.367   -5.150   -5.150
   -5.113   -5.113   -3.615   -3.615   -3.498   -3.498   -3.447   -3.447   -3.411   -3.411
   -3.176   -3.176   -3.152   -3.152    6.315    6.315    6.357    6.357    6.625    6.625
    6.864    6.864    7.034    7.034    7.095    7.095    7.305    7.305    7.384    7.384
    7.644    7.644    8.099    8.099    8.150    8.151    8.932    8.932    9.658    9.658
    9.704    9.704    9.837    9.837    9.944    9.944   10.012   10.012   10.480   10.480
   13.423   13.423   14.091   14.091   14.097   14.097   15.064   15.064   15.105   15.105
   15.347   15.347   17.522   17.523   17.735   17.735   17.858   17.858   18.151   18.151
   18.541
            0.000000  0.350000  0.363636
  -48.235  -48.234  -48.233  -48.233  -22.678  -22.678  -22.672  -22.672  -22.527  -22.527
  -22.524  -22.523  -22.490  -22.490  -22.486  -22.486  -21.449  -21.449  -21.436  -21.436
   -6.099   -6.099   -5.831   -5.831   -5.515   -5.515   -5.337   -5.337   -5.208   -5.207
   -5.140   -5.140   -3.592   -3.592   -3.493   -3.493   -3.452   -3.452   -3.426   -3.426
   -3.147   -3.147   -3.136   -3.136    6.443    6.443    6.503    6.503    6.706    6.706
    6.827    6.827    7.133    7.133    7.154    7.154    7.179    7.179    7.450    7.450
    7.535    7.535    7.951    7.951    7.970    7.971    8.679    8.679    9.694    9.694
    9.704    9.704    9.912    9.912    9.929    9.929    9.973    9.973   10.399   10.399
   13.683   13.683   14.177   14.177   14.186   14.186   14.929   14.929   14.971   14.972
   15.146   15.146   17.899   17.899   17.912   17.912   18.022   18.022   18.232   18.232
   18.567
            0.000000  0.400000  0.363636
  -48.234  -48.234  -48.233  -48.233  -22.677  -22.677  -22.673  -22.672  -22.522  -22.521
  -22.518  -22.517  -22.496  -22.496  -22.492  -22.492  -21.446  -21.446  -21.438  -21.438
   -6.053   -6.053   -5.877   -5.877   -5.487   -5.487   -5.304   -5.304   -5.271   -5.270
   -5.170   -5.170   -3.565   -3.565   -3.486   -3.486   -3.465   -3.465   -3.441   -3.441
   -3.126   -3.126   -3.122   -3.122    6.514    6.514    6.706    6.706    6.776    6.776
    6.786    6.786    7.076    7.076    7.225    7.225    7.265    7.265    7.418    7.418
    7.548    7.548    7.774    7.774    7.807    7.807    8.413    8.413    9.710    9.710
    9.749    9.749    9.883    9.883    9.923    9.923   10.018   10.018   10.321   10.322
   13.943   13.944   14.279   14.279   14.292   14.292   14.789   14.789   14.831   14.831
   14.931   14.931   18.089   18.090   18.181   18.181   18.302   18.302   18.307   18.307
   18.536
            0.000000  0.450000  0.363636
  -48.234  -48.234  -48.234  -48.233  -22.676  -22.676  -22.674  -22.673  -22.516  -22.515
  -22.511  -22.511  -22.503  -22.503  -22.499  -22.498  -21.444  -21.444  -21.440  -21.440
   -6.008   -6.007   -5.921   -5.921   -5.447   -5.447   -5.335   -5.335   -5.270   -5.270
   -5.202   -5.202   -3.537   -3.537   -3.485   -3.485   -3.477   -3.477   -3.455   -3.455
   -3.113   -3.112   -3.111   -3.111    6.580    6.580    6.714    6.714    6.858    6.858
    6.915    6.916    6.995    6.995    7.283    7.283    7.313    7.313    7.405    7.405
    7.585    7.585    7.668    7.668    7.698    7.698    8.150    8.150    9.749    9.749
    9.789    9.789    9.854    9.854    9.865    9.865   10.099   10.099   10.247   10.247
   14.199   14.200   14.397   14.397   14.413   14.413   14.642   14.642   14.687   14.688
   14.709   14.709   18.260   18.260   18.360   18.360   18.368   18.368   18.479   18.479
   18.569
            0.000000  0.500000  0.363636
  -48.234  -48.234  -48.234  -48.233  -22.675  -22.675  -22.675  -22.674  -22.509  -22.509
  -22.509  -22.509  -22.505  -22.505  -22.505  -22.505  -21.442  -21.442  -21.442  -21.442
   -5.964   -5.964   -5.964   -5.964   -5.395   -5.395   -5.395   -5.395   -5.236   -5.236
   -5.236   -5.236   -3.509   -3.509   -3.509   -3.509   -3.467   -3.467   -3.467   -3.467
   -3.108   -3.108   -3.108   -3.108    6.646    6.646    6.646    6.646    6.926    6.926
    6.926    6.926    7.115    7.115    7.115    7.115    7.429    7.429    7.429    7.429
    7.537    7.537    7.537    7.537    7.905    7.905    7.906    7.906    9.804    9.804
    9.804    9.804    9.823    9.823    9.823    9.823   10.175   10.175   10.175   10.175
   14.444   14.444   14.445   14.445   14.529   14.529   14.529   14.529   14.546   14.546
   14.547   14.547   18.402   18.402   18.402   18.402   18.447   18.447   18.447   18.447
   18.535
            0.050000  0.500000  0.363636
  -48.234  -48.234  -48.234  -48.233  -22.675  -22.675  -22.674  -22.674  -22.515  -22.515
  -22.515  -22.515  -22.499  -22.499  -22.499  -22.499  -21.442  -21.442  -21.442  -21.442
   -5.973   -5.973   -5.972   -5.972   -5.397   -5.397   -5.397   -5.397   -5.227   -5.227
   -5.227   -5.227   -3.520   -3.520   -3.520   -3.520   -3.449   -3.449   -3.449   -3.449
   -3.109   -3.109   -3.109   -3.109    6.631    6.631    6.631    6.631    6.869    6.869
    6.870    6.870    7.157    7.157    7.157    7.157    7.371    7.371    7.371    7.371
    7.555    7.555    7.555    7.555    7.986    7.986    7.986    7.986    9.759    9.759
    9.759    9.759    9.847    9.847    9.847    9.847   10.166   10.166   10.166   10.166
   14.419   14.419   14.419   14.419   14.497   14.497   14.497   14.497   14.626   14.626
   14.626   14.626   18.415   18.415   18.415   18.415   18.445   18.445   18.445   18.445
   18.552
            0.100000  0.500000  0.363636
  -48.234  -48.234  -48.234  -48.233  -22.675  -22.675  -22.674  -22.674  -22.523  -22.523
  -22.522  -22.522  -22.492  -22.492  -22.492  -22.492  -21.442  -21.442  -21.442  -21.442
   -5.997   -5.997   -5.997   -5.997   -5.403   -5.403   -5.403   -5.403   -5.202   -5.202
   -5.202   -5.202   -3.534   -3.534   -3.534   -3.534   -3.414   -3.414   -3.414   -3.414
   -3.112   -3.112   -3.112   -3.112    6.574    6.574    6.574    6.574    6.775    6.775
    6.775    6.775    7.191    7.191    7.191    7.191    7.318    7.318    7.318    7.318
    7.581    7.581    7.581    7.581    8.165    8.165    8.166    8.166    9.695    9.695
    9.695    9.695    9.846    9.846    9.846    9.846   10.150   10.150   10.150   10.150
   14.347   14.347   14.347   14.347   14.536   14.536   14.536   14.536   14.722   14.722
   14.722   14.722   18.422   18.422   18.422   18.422   18.446   18.446   18.446   18.446
   18.595
            0.150000  0.500000  0.363636
  -48.234  -48.234  -48.234  -48.234  -22.674  -22.674  -22.674  -22.674  -22.530  -22.530
  -22.529  -22.529  -22.485  -22.485  -22.485  -22.485  -21.441  -21.441  -21.441  -21.441
   -6.032   -6.032   -6.032   -6.031   -5.411   -5.411   -5.411   -5.411   -5.168   -5.168
   -5.168   -5.168   -3.541   -3.541   -3.541   -3.541   -3.375   -3.375   -3.375   -3.375
   -3.117   -3.117   -3.117   -3.117    6.465    6.465    6.465    6.465    6.698    6.698
    6.698    6.698    7.138    7.138    7.138    7.138    7.369    7.369    7.369    7.369
    7.612    7.612    7.612    7.612    8.379    8.379    8.379    8.379    9.624    9.624
    9.624    9.624    9.799    9.799    9.799    9.799   10.140   10.140   10.140   10.140
   14.273   14.273   14.273   14.273   14.606   14.606   14.607   14.607   14.821   14.821
   14.821   14.821   18.309   18.309   18.309   18.309   18.478   18.478   18.478   18.478
   18.643
            0.200000  0.500000  0.363636
  -48.234  -48.234  -48.234  -48.234  -22.674  -22.674  -22.674  -22.674  -22.537  -22.537
  -22.536  -22.536  -22.479  -22.479  -22.479  -22.479  -21.441  -21.441  -21.441  -21.441
   -6.072   -6.072   -6.072   -6.072   -5.419   -5.419   -5.419   -5.419   -5.131   -5.131
   -5.131   -5.131   -3.539   -3.539   -3.539   -3.539   -3.335   -3.335   -3.335   -3.335
   -3.124   -3.124   -3.124   -3.124    6.327    6.327    6.327    6.327    6.634    6.634
    6.634    6.634    7.083    7.083    7.083    7.083    7.443    7.443    7.443    7.443
    7.649    7.649    7.649    7.649    8.598    8.598    8.598    8.598    9.552    9.552
    9.552    9.552    9.713    9.713    9.713    9.713   10.142   10.142   10.142   10.142
   14.205   14.205   14.205   14.205   14.693   14.693   14.693   14.694   14.919   14.919
   14.919   14.919   18.107   18.107   18.107   18.107   18.513   18.513   18.513   18.513
   18.707
            0.250000  0.500000  0.363636
  -48.234  -48.234  -48.234  -48.234  -22.674  -22.674  -22.674  -22.674  -22.543  -22.543
  -22.542  -22.542  -22.473  -22.473  -22.473  -22.473  -21.440  -21.440  -21.440  -21.440
   -6.113   -6.113   -6.113   -6.113   -5.428   -5.428   -5.428   -5.428   -5.095   -5.095
   -5.094   -5.094   -3.530   -3.530   -3.530   -3.530   -3.297   -3.297   -3.297   -3.297
   -3.132   -3.132   -3.131   -3.131    6.188    6.188    6.188    6.188    6.573    6.573
    6.573    6.573    7.046    7.046    7.046    7.046    7.515    7.515    7.515    7.515
    7.693    7.693    7.693    7.693    8.804    8.804    8.804    8.804    9.476    9.476
    9.476    9.476    9.612    9.612    9.612    9.612   10.149   10.149   10.149   10.149
   14.145   14.145   14.145   14.145   14.786   14.786   14.786   14.786   15.012   15.012
   15.013   15.013   17.884   17.884   17.885   17.885   18.551   18.551   18.551   18.551
   18.791
            0.300000  0.500000  0.363636
  -48.234  -48.234  -48.234  -48.233  -22.674  -22.674  -22.673  -22.673  -22.548  -22.548
  -22.547  -22.547  -22.469  -22.469  -22.468  -22.468  -21.440  -21.440  -21.440  -21.440
   -6.150   -6.150   -6.150   -6.150   -5.436   -5.436   -5.436   -5.436   -5.062   -5.062
   -5.062   -5.062   -3.515   -3.515   -3.515   -3.515   -3.266   -3.266   -3.266   -3.266
   -3.138   -3.138   -3.138   -3.138    6.063    6.063    6.063    6.063    6.514    6.514
    6.514    6.514    7.024    7.024    7.024    7.024    7.576    7.576    7.576    7.576
    7.744    7.744    7.744    7.744    8.980    8.980    8.980    8.980    9.390    9.390
    9.390    9.390    9.530    9.530    9.530    9.530   10.156   10.156   10.156   10.156
   14.093   14.093   14.093   14.093   14.874   14.874   14.874   14.874   15.097   15.097
   15.097   15.097   17.676   17.676   17.676   17.676   18.590   18.590   18.590   18.590
   18.888
            0.350000  0.500000  0.363636
  -48.234  -48.234  -48.234  -48.233  -22.674  -22.673  -22.673  -22.673  -22.552  -22.552
  -22.552  -22.552  -22.465  -22.465  -22.465  -22.465  -21.440  -21.440  -21.440  -21.440
   -6.182   -6.182   -6.182   -6.182   -5.443   -5.443   -5.443   -5.443   -5.036   -5.036
   -5.036   -5.036   -3.496   -3.496   -3.496   -3.496   -3.246   -3.246   -3.246   -3.246
   -3.140   -3.140   -3.140   -3.140    5.959    5.959    5.960    5.960    6.463    6.463
    6.463    6.463    7.010    7.010    7.010    7.010    7.621    7.621    7.621    7.621
    7.804    7.804    7.804    7.804    9.092    9.092    9.092    9.092    9.308    9.308
    9.309    9.309    9.491    9.491    9.491    9.491   10.162   10.162   10.162   10.162
   14.052   14.052   14.052   14.052   14.950   14.950   14.950   14.950   15.169   15.169
   15.169   15.169   17.497   17.497   17.497   17.497   18.627   18.627   18.628   18.628
   18.989
            0.400000  0.500000  0.363636
  -48.234  -48.234  -48.234  -48.233  -22.673  -22.673  -22.673  -22.673  -22.555  -22.555
  -22.555  -22.555  -22.462  -22.462  -22.462  -22.462  -21.439  -21.439  -21.439  -21.439
   -6.206   -6.206   -6.206   -6.206   -5.448   -5.448   -5.448   -5.448   -5.017   -5.017
   -5.016   -5.016   -3.479   -3.479   -3.479   -3.479   -3.237   -3.237   -3.237   -3.237
   -3.137   -3.137   -3.137   -3.137    5.882    5.882    5.883    5.883    6.423    6.423
    6.423    6.423    7.003    7.003    7.003    7.003    7.651    7.651    7.651    7.651
    7.864    7.864    7.864    7.864    9.088    9.088    9.088    9.088    9.293    9.293
    9.293    9.293    9.494    9.494    9.494    9.494   10.166   10.166   10.166   10.166
   14.021   14.021   14.021   14.021   15.008   15.008   15.009   15.009   15.223   15.223
   15.223   15.223   17.360   17.360   17.360   17.360   18.658   18.658   18.658   18.658
   19.086
            0.450000  0.500000  0.363636
  -48.234  -48.234  -48.234  -48.233  -22.673  -22.673  -22.673  -22.673  -22.557  -22.557
  -22.557  -22.557  -22.461  -22.461  -22.460  -22.460  -21.439  -21.439  -21.439  -21.439
   -6.221   -6.221   -6.221   -6.221   -5.452   -5.452   -5.451   -5.451   -5.005   -5.005
   -5.005   -5.005   -3.465   -3.465   -3.465   -3.465   -3.236   -3.236   -3.236   -3.236
   -3.132   -3.132   -3.132   -3.132    5.835    5.835    5.835    5.835    6.398    6.398
    6.398    6.398    6.999    6.999    6.999    6.999    7.667    7.667    7.667    7.667
    7.910    7.910    7.910    7.910    9.035    9.035    9.035    9.035    9.302    9.302
    9.302    9.302    9.519    9.519    9.519    9.519   10.168   10.168   10.168   10.168
   14.003   14.003   14.003   14.003   15.045   15.045   15.045   15.045   15.257   15.257
   15.257   15.257   17.274   17.274   17.274   17.274   18.678   18.678   18.678   18.678
   19.161
            0.500000  0.500000  0.363636
  -48.234  -48.234  -48.234  -48.234  -22.673  -22.673  -22.673  -22.673  -22.558  -22.558
  -22.557  -22.557  -22.460  -22.460  -22.460  -22.460  -21.439  -21.439  -21.439  -21.439
   -6.226   -6.226   -6.226   -6.226   -5.453   -5.453   -5.453   -5.453   -5.001   -5.001
   -5.001   -5.001   -3.460   -3.460   -3.460   -3.460   -3.237   -3.237   -3.237   -3.237
   -3.130   -3.130   -3.130   -3.130    5.819    5.819    5.819    5.819    6.390    6.390
    6.390    6.390    6.998    6.998    6.998    6.998    7.672    7.672    7.672    7.672
    7.928    7.928    7.928    7.928    9.011    9.011    9.011    9.011    9.305    9.305
    9.305    9.305    9.533    9.533    9.533    9.533   10.169   10.169   10.169   10.169
   13.997   13.997   13.997   13.997   15.057   15.057   15.057   15.057   15.269   15.269
   15.269   15.269   17.244   17.244   17.245   17.245   18.685   18.685   18.685   18.685
   19.191
            0.450000  0.450000  0.363636
  -48.234  -48.234  -48.234  -48.233  -22.673  -22.673  -22.673  -22.673  -22.557  -22.557
  -22.555  -22.555  -22.462  -22.462  -22.460  -22.460  -21.439  -21.439  -21.439  -21.439
   -6.222   -6.222   -6.210   -6.210   -5.458   -5.458   -5.443   -5.443   -5.017   -5.017
   -5.000   -5.000   -3.478   -3.478   -3.462   -3.462   -3.245   -3.245   -3.227   -3.227
   -3.137   -3.137   -3.131   -3.131    5.819    5.819    5.883    5.883    6.398    6.398
    6.416    6.416    6.997    6.997    7.003    7.003    7.644    7.644    7.680    7.680
    7.844    7.845    7.946    7.946    9.005    9.005    9.108    9.109    9.265    9.265
    9.317    9.317    9.490    9.490    9.538    9.538   10.166   10.166   10.169   10.169
   13.993   13.993   14.025   14.025   14.996   14.997   15.069   15.069   15.217   15.217
   15.275   15.275   17.238   17.238   17.366   17.367   18.637   18.638   18.706   18.706
   19.131
            0.400000  0.400000  0.363636
  -48.234  -48.234  -48.234  -48.233  -22.674  -22.674  -22.673  -22.672  -22.556  -22.556
  -22.549  -22.549  -22.468  -22.468  -22.460  -22.460  -21.441  -21.441  -21.438  -21.438
   -6.210   -6.210   -6.165   -6.165   -5.472   -5.472   -5.414   -5.414   -5.063   -5.063
   -4.999   -4.999   -3.520   -3.520   -3.465   -3.465   -3.266   -3.266   -3.208   -3.207
   -3.159   -3.159   -3.137   -3.137    5.818    5.819    6.064    6.064    6.420    6.421
    6.494    6.494    6.996    6.996    7.022    7.022    7.566    7.567    7.658    7.658
    7.704    7.704    7.999    7.999    8.993    8.993    9.028    9.028    9.334    9.334
    9.347    9.347    9.500    9.500    9.553    9.553   10.156   10.156   10.169   10.169
   13.981   13.982   14.112   14.112   14.822   14.822   15.071   15.071   15.105   15.105
   15.294   15.294   17.216   17.216   17.700   17.701   18.511   18.511   18.767   18.767
   18.973
            0.350000  0.350000  0.363636
  -48.234  -48.234  -48.234  -48.233  -22.675  -22.675  -22.672  -22.672  -22.555  -22.555
  -22.539  -22.538  -22.478  -22.478  -22.461  -22.460  -21.443  -21.443  -21.437  -21.437
   -6.195   -6.195   -6.094   -6.094   -5.493   -5.493   -5.368   -5.368   -5.131   -5.131
   -4.998   -4.998   -3.569   -3.569   -3.470   -3.470   -3.297   -3.297   -3.193   -3.193
   -3.192   -3.192   -3.146   -3.146    5.817    5.818    6.331    6.331    6.453    6.453
    6.621    6.621    6.994    6.994    7.069    7.069    7.448    7.448    7.448    7.448
    7.743    7.743    8.082    8.082    8.626    8.627    8.988    8.988    9.383    9.383
    9.580    9.581    9.581    9.581    9.599    9.599   10.132   10.132   10.175   10.175
   13.961   13.961   14.254   14.254   14.555   14.555   14.860   14.861   15.167   15.168
   15.323   15.323   17.178   17.178   18.168   18.168   18.334   18.334   18.734   18.734
   18.852
            0.300000  0.300000  0.363636
  -48.234  -48.234  -48.233  -48.233  -22.677  -22.677  -22.672  -22.671  -22.553  -22.553
  -22.526  -22.525  -22.490  -22.490  -22.461  -22.461  -21.446  -21.446  -21.436  -21.436
   -6.184   -6.184   -6.006   -6.006   -5.516   -5.516   -5.308   -5.307   -5.209   -5.209
   -4.999   -4.998   -3.612   -3.612   -3.477   -3.477   -3.333   -3.333   -3.232   -3.232
   -3.191   -3.191   -3.156   -3.156    5.816    5.817    6.488    6.488    6.615    6.615
    6.781    6.781    6.989    6.989    7.196    7.197    7.255    7.255    7.288    7.288
    7.792    7.792    8.175    8.175    8.189    8.190    9.001    9.001    9.416    9.416
    9.624    9.624    9.683    9.684    9.843    9.843   10.085   10.085   10.203   10.203
   13.920   13.920   14.235   14.235   14.444   14.445   14.621   14.621   15.258   15.258
   15.361   15.361   17.119   17.119   18.132   18.132   18.433   18.433   18.651   18.651
   18.874
            0.250000  0.250000  0.363636
  -48.234  -48.234  -48.233  -48.233  -22.678  -22.678  -22.671  -22.671  -22.552  -22.551
  -22.511  -22.511  -22.503  -22.503  -22.462  -22.462  -21.449  -21.449  -21.435  -21.435
   -6.184   -6.184   -5.907   -5.907   -5.535   -5.535   -5.286   -5.286   -5.239   -5.238
   -5.002   -5.002   -3.642   -3.642   -3.485   -3.485   -3.372   -3.372   -3.272   -3.272
   -3.203   -3.203   -3.166   -3.166    5.815    5.815    6.513    6.513    6.803    6.803
    6.966    6.966    6.970    6.970    7.077    7.077    7.100    7.100    7.478    7.478
    7.776    7.776    7.847    7.847    8.311    8.312    9.038    9.038    9.449    9.449
    9.686    9.686    9.790    9.790   10.000   10.000   10.003   10.003   10.294   10.294
   13.745   13.745   14.006   14.006   14.388   14.388   14.669   14.669   15.369   15.369
   15.415   15.415   17.032   17.032   17.916   17.916   18.116   18.116   18.672   18.672
   18.881
            0.200000  0.200000  0.363636
  -48.235  -48.234  -48.233  -48.233  -22.680  -22.680  -22.670  -22.670  -22.550  -22.550
  -22.516  -22.516  -22.497  -22.496  -22.462  -22.462  -21.452  -21.452  -21.434  -21.434
   -6.202   -6.201   -5.807   -5.807   -5.543   -5.543   -5.352   -5.352   -5.169   -5.169
   -5.008   -5.008   -3.657   -3.657   -3.492   -3.492   -3.412   -3.412   -3.307   -3.307
   -3.229   -3.229   -3.174   -3.174    5.814    5.814    6.515    6.515    6.727    6.727
    6.873    6.873    6.991    6.991    6.998    6.998    7.213    7.213    7.508    7.508
    7.846    7.846    7.902    7.902    8.435    8.436    9.094    9.094    9.502    9.502
    9.773    9.773    9.880    9.880    9.889    9.889   10.056   10.056   10.449   10.450
   13.383   13.383   13.950   13.950   14.191   14.191   14.909   14.909   15.433   15.433
   15.540   15.540   16.906   16.906   17.693   17.693   17.832   17.832   18.385   18.385
   18.633
            0.150000  0.150000  0.363636
  -48.235  -48.235  -48.233  -48.232  -22.681  -22.681  -22.670  -22.670  -22.548  -22.548
  -22.528  -22.528  -22.483  -22.483  -22.463  -22.463  -21.455  -21.455  -21.433  -21.433
   -6.234   -6.234   -5.715   -5.715   -5.539   -5.539   -5.402   -5.402   -5.109   -5.109
   -5.017   -5.016   -3.654   -3.654   -3.499   -3.499   -3.449   -3.449   -3.332   -3.332
   -3.265   -3.265   -3.179   -3.179    5.810    5.810    6.388    6.388    6.489    6.489
    6.904    6.904    6.951    6.951    6.975    6.975    7.357    7.357    7.476    7.476
    7.953    7.953    8.186    8.186    8.547    8.547    9.130    9.131    9.594    9.595
    9.746    9.746    9.883    9.883    9.972    9.972   10.075   10.075   10.596   10.596
   13.009   13.009   13.925   13.925   14.045   14.046   15.142   15.142   15.472   15.473
   15.699   15.700   16.724   16.724   17.464   17.464   17.620   17.620   18.094   18.094
   18.388
            0.100000  0.100000  0.363636
  -48.235  -48.235  -48.232  -48.232  -22.683  -22.682  -22.670  -22.669  -22.547  -22.547
  -22.538  -22.537  -22.473  -22.473  -22.463  -22.463  -21.457  -21.457  -21.432  -21.432
   -6.270   -6.270   -5.639   -5.639   -5.527   -5.527   -5.437   -5.436   -5.066   -5.065
   -5.025   -5.025   -3.640   -3.640   -3.504   -3.504   -3.480   -3.480   -3.346   -3.346
   -3.305   -3.305   -3.182   -3.182    5.800    5.800    6.105    6.105    6.451    6.451
    6.921    6.921    6.939    6.939    6.960    6.960    7.273    7.273    7.734    7.734
    7.993    7.993    8.442    8.442    8.634    8.634    9.118    9.118    9.478    9.478
    9.875    9.875   10.005   10.005   10.036   10.036   10.083   10.083   10.704   10.704
   12.681   12.681   13.909   13.909   13.955   13.955   15.342   15.342   15.502   15.503
   15.849   15.850   16.495   16.495   17.265   17.265   17.473   17.473   17.873   17.873
   18.192
            0.050000  0.050000  0.363636
  -48.235  -48.235  -48.232  -48.232  -22.683  -22.683  -22.669  -22.669  -22.546  -22.546
  -22.544  -22.543  -22.466  -22.466  -22.464  -22.463  -21.459  -21.459  -21.431  -21.431
   -6.297   -6.297   -5.588   -5.588   -5.517   -5.517   -5.456   -5.456   -5.041   -5.041
   -5.031   -5.031   -3.621   -3.621   -3.508   -3.508   -3.501   -3.501   -3.351   -3.351
   -3.338   -3.338   -3.184   -3.184    5.769    5.770    5.943    5.943    6.421    6.421
    6.931    6.931    6.941    6.941    6.947    6.947    7.230    7.230    7.942    7.942
    8.019    8.019    8.621    8.621    8.688    8.688    9.066    9.066    9.300    9.300
   10.070   10.070   10.076   10.076   10.088   10.088   10.109   10.109   10.769   10.769
   12.449   12.449   13.900   13.900   13.910   13.910   15.479   15.479   15.521   15.522
   15.958   15.959   16.287   16.287   17.136   17.136   17.383   17.383   17.752   17.753
   18.063
            0.000000  0.000000  0.363636
  -48.235  -48.235  -48.232  -48.232  -22.683  -22.683  -22.669  -22.669  -22.546  -22.546
  -22.546  -22.546  -22.464  -22.464  -22.463  -22.463  -21.459  -21.459  -21.431  -21.431
   -6.307   -6.307   -5.570   -5.570   -5.513   -5.513   -5.462   -5.461   -5.033   -5.033
   -5.033   -5.033   -3.613   -3.613   -3.509   -3.509   -3.509   -3.509   -3.352   -3.352
   -3.352   -3.352   -3.184   -3.184    5.743    5.743    5.903    5.903    6.410    6.410
    6.934    6.934    6.942    6.942    6.943    6.943    7.217    7.217    8.027    8.027
    8.028    8.028    8.706    8.706    8.706    8.706    9.016    9.017    9.225    9.225
   10.089   10.089   10.089   10.089   10.152   10.152   10.152   10.152   10.790   10.790
   12.363   12.363   13.897   13.897   13.897   13.897   15.528   15.528   15.528   15.528
   15.999   15.999   16.201   16.202   17.092   17.092   17.352   17.352   17.716   17.716
   18.017
