 &plot nbnd= 116, nks=    71 /
            0.000000  0.000000  0.000000
  -48.247  -48.245  -48.244  -48.242  -22.743  -22.722  -22.609  -22.601  -22.555  -22.555
  -22.548  -22.548  -22.472  -22.472  -22.466  -22.466  -21.483  -21.444  -21.440  -21.421
   -6.482   -6.392   -6.146   -5.705   -5.490   -5.442   -5.252   -5.252   -4.892   -4.862
   -4.696   -4.696   -3.830   -3.797   -3.797   -3.535   -3.535   -3.484   -3.484   -3.483
   -3.385   -3.034   -3.034   -2.938    5.275    5.338    5.724    5.747    5.897    5.921
    6.133    6.522    6.522    6.878    7.733    7.733    7.736    7.736    8.255    8.255
    8.260    8.260    8.381    8.425    8.816    9.012    9.012    9.307    9.535    9.535
    9.701   10.056   10.056   10.311   10.329   10.329   10.730   10.796   10.796   10.833
   12.230   12.236   12.236   12.491   15.013   15.013   15.323   15.323   15.796   16.085
   16.166   16.175   16.204   16.336   16.336   16.350   16.410   16.859   17.607   17.804
   17.804   17.879   18.310   18.381   18.767   18.780   19.068   19.073   19.608   19.664
   19.664   20.356   20.356   20.361   20.551   20.726
            0.000000  0.050000  0.000000
  -48.247  -48.245  -48.244  -48.242  -22.743  -22.722  -22.608  -22.601  -22.554  -22.554
  -22.548  -22.547  -22.473  -22.472  -22.467  -22.467  -21.482  -21.444  -21.440  -21.421
   -6.474   -6.393   -6.153   -5.702   -5.488   -5.438   -5.253   -5.250   -4.898   -4.870
   -4.717   -4.702   -3.815   -3.795   -3.784   -3.532   -3.529   -3.486   -3.482   -3.477
   -3.386   -3.038   -3.036   -2.942    5.277    5.338    5.741    5.764    5.914    5.936
    6.149    6.515    6.525    6.884    7.660    7.709    7.738    7.740    8.236    8.243
    8.248    8.258    8.422    8.456    8.851    9.003    9.012    9.310    9.502    9.535
    9.677   10.016   10.031   10.287   10.299   10.304   10.720   10.785   10.791   10.817
   12.257   12.266   12.277   12.532   14.996   15.000   15.323   15.324   15.778   16.107
   16.142   16.219   16.248   16.319   16.326   16.372   16.436   16.879   17.642   17.822
   17.828   17.878   18.329   18.393   18.784   18.786   19.060   19.084   19.617   19.660
   19.670   20.342   20.349   20.371   20.533   20.698
            0.000000  0.100000  0.000000
  -48.247  -48.245  -48.244  -48.242  -22.742  -22.723  -22.608  -22.601  -22.553  -22.553
  -22.546  -22.546  -22.475  -22.474  -22.468  -22.468  -21.481  -21.444  -21.439  -21.422
   -6.450   -6.398   -6.172   -5.690   -5.483   -5.426   -5.257   -5.244   -4.915   -4.892
   -4.776   -4.717   -3.790   -3.776   -3.748   -3.525   -3.511   -3.492   -3.481   -3.457
   -3.388   -3.050   -3.042   -2.952    5.282    5.337    5.792    5.814    5.956    5.988
    6.198    6.494    6.534    6.903    7.493    7.636    7.755    7.763    8.182    8.194
    8.226    8.252    8.414    8.619    8.944    8.979    9.015    9.320    9.405    9.535
    9.606    9.903    9.962   10.172   10.232   10.263   10.692   10.751   10.771   10.775
   12.317   12.351   12.408   12.648   14.945   14.962   15.324   15.328   15.722   16.075
   16.174   16.272   16.294   16.343   16.375   16.440   16.508   16.940   17.741   17.875
   17.875   17.899   18.381   18.428   18.800   18.840   19.024   19.130   19.643   19.649
   19.687   20.299   20.333   20.399   20.479   20.619
            0.000000  0.150000  0.000000
  -48.247  -48.244  -48.244  -48.242  -22.741  -22.723  -22.608  -22.602  -22.552  -22.550
  -22.544  -22.544  -22.478  -22.476  -22.471  -22.471  -21.478  -21.444  -21.439  -21.423
   -6.410   -6.405   -6.200   -5.672   -5.475   -5.406   -5.263   -5.239   -4.940   -4.925
   -4.863   -4.742   -3.780   -3.720   -3.694   -3.514   -3.502   -3.482   -3.478   -3.426
   -3.392   -3.069   -3.053   -2.968    5.288    5.335    5.874    5.897    6.017    6.083
    6.279    6.462    6.548    6.937    7.299    7.538    7.783    7.801    8.095    8.117
    8.185    8.235    8.400    8.809    8.942    9.019    9.076    9.255    9.335    9.500
    9.532    9.732    9.864   10.007   10.130   10.207   10.647   10.698   10.698   10.748
   12.413   12.482   12.595   12.824   14.863   14.900   15.328   15.335   15.630   15.970
   16.203   16.244   16.281   16.506   16.576   16.585   16.616   17.044   17.866   17.887
   17.961   18.006   18.452   18.486   18.805   18.941   18.982   19.196   19.632   19.684
   19.715   20.230   20.322   20.393   20.438   20.502
            0.000000  0.200000  0.000000
  -48.247  -48.244  -48.244  -48.242  -22.740  -22.723  -22.608  -22.602  -22.549  -22.547
  -22.540  -22.540  -22.483  -22.480  -22.474  -22.474  -21.475  -21.444  -21.439  -21.424
   -6.413   -6.355   -6.235   -5.645   -5.464   -5.378   -5.271   -5.236   -4.971   -4.970
   -4.962   -4.777   -3.768   -3.655   -3.629   -3.515   -3.498   -3.475   -3.446   -3.397
   -3.389   -3.095   -3.066   -2.992    5.295    5.333    5.988    6.011    6.099    6.215
    6.390    6.423    6.569    6.987    7.104    7.428    7.819    7.854    7.979    8.018
    8.122    8.196    8.380    8.898    9.002    9.026    9.066    9.231    9.357    9.368
    9.518    9.520    9.759    9.814   10.022   10.137   10.587   10.601   10.628   10.709
   12.538   12.647   12.816   13.041   14.750   14.814   15.337   15.348   15.505   15.835
   16.121   16.177   16.424   16.657   16.745   16.840   16.842   17.194   17.848   18.062
   18.076   18.141   18.526   18.564   18.759   18.973   19.093   19.265   19.613   19.739
   19.754   20.135   20.191   20.280   20.333   20.364
            0.000000  0.250000  0.000000
  -48.246  -48.244  -48.244  -48.242  -22.739  -22.724  -22.607  -22.602  -22.547  -22.543
  -22.536  -22.536  -22.488  -22.484  -22.479  -22.478  -21.471  -21.444  -21.439  -21.426
   -6.421   -6.285   -6.273   -5.612   -5.451   -5.344   -5.282   -5.239   -5.092   -5.002
   -4.999   -4.818   -3.752   -3.586   -3.558   -3.531   -3.478   -3.471   -3.404   -3.402
   -3.352   -3.126   -3.082   -3.021    5.301    5.331    6.130    6.154    6.201    6.379
    6.382    6.525    6.597    6.920    7.056    7.316    7.840    7.864    7.902    7.922
    8.030    8.123    8.354    8.847    8.853    9.036    9.189    9.220    9.274    9.386
    9.397    9.488    9.611    9.670    9.936   10.057   10.486   10.514   10.543   10.657
   12.689   12.836   13.055   13.286   14.611   14.705   15.350   15.354   15.369   15.676
   16.031   16.096   16.598   16.835   16.879   17.152   17.160   17.388   17.818   18.214
   18.246   18.294   18.595   18.654   18.661   18.995   19.290   19.320   19.597   19.803
   19.805   19.846   20.019   20.147   20.219   20.381
            0.000000  0.300000  0.000000
  -48.246  -48.245  -48.244  -48.242  -22.737  -22.725  -22.607  -22.603  -22.543  -22.538
  -22.532  -22.531  -22.495  -22.489  -22.484  -22.483  -21.467  -21.445  -21.438  -21.427
   -6.428   -6.310   -6.202   -5.572   -5.435   -5.303   -5.295   -5.251   -5.222   -5.034
   -5.033   -4.867   -3.734   -3.550   -3.515   -3.487   -3.466   -3.453   -3.409   -3.360
   -3.318   -3.162   -3.100   -3.057    5.307    5.328    6.297    6.323    6.323    6.345
    6.574    6.631    6.676    6.754    7.152    7.207    7.682    7.776    7.906    7.915
    8.004    8.005    8.322    8.609    8.815    9.010    9.049    9.065    9.367    9.412
    9.422    9.429    9.566    9.618    9.896    9.972   10.358   10.432   10.447   10.592
   12.860   13.040   13.301   13.546   14.449   14.575   15.169   15.380   15.399   15.496
   15.938   16.006   16.796   17.013   17.043   17.499   17.516   17.615   17.775   18.369
   18.418   18.457   18.511   18.657   18.775   19.011   19.341   19.495   19.517   19.586
   19.861   19.878   19.884   19.998   20.079   20.476
            0.000000  0.350000  0.000000
  -48.246  -48.245  -48.244  -48.243  -22.735  -22.726  -22.607  -22.603  -22.539  -22.532
  -22.526  -22.526  -22.501  -22.495  -22.489  -22.489  -21.463  -21.446  -21.437  -21.429
   -6.433   -6.345   -6.106   -5.528   -5.418   -5.357   -5.310   -5.272   -5.257   -5.062
   -5.060   -4.920   -3.713   -3.571   -3.460   -3.446   -3.425   -3.422   -3.416   -3.315
   -3.292   -3.200   -3.120   -3.098    5.311    5.326    6.317    6.463    6.486    6.515
    6.611    6.673    6.793    6.832    7.105    7.282    7.511    7.645    7.748    7.842
    7.970    8.099    8.285    8.355    8.735    8.791    8.907    9.067    9.230    9.353
    9.466    9.535    9.614    9.734    9.886    9.903   10.222   10.342   10.344   10.512
   13.046   13.251   13.551   13.814   14.268   14.426   14.968   15.297   15.417   15.439
   15.845   15.910   17.007   17.149   17.280   17.717   17.863   17.869   17.898   18.344
   18.535   18.564   18.623   18.710   18.903   18.992   19.145   19.324   19.586   19.736
   19.753   19.840   19.928   19.950   19.954   20.259
            0.000000  0.400000  0.000000
  -48.246  -48.245  -48.244  -48.243  -22.733  -22.727  -22.606  -22.604  -22.534  -22.526
  -22.521  -22.520  -22.508  -22.501  -22.495  -22.495  -21.459  -21.448  -21.436  -21.431
   -6.433   -6.375   -5.999   -5.492   -5.480   -5.400   -5.326   -5.302   -5.205   -5.083
   -5.081   -4.976   -3.691   -3.594   -3.454   -3.424   -3.393   -3.378   -3.365   -3.278
   -3.272   -3.240   -3.145   -3.142    5.314    5.323    6.305    6.494    6.619    6.692
    6.723    6.727    6.980    7.010    7.032    7.331    7.455    7.513    7.561    7.642
    8.027    8.092    8.208    8.242    8.456    8.752    8.787    9.074    9.091    9.279
    9.518    9.654    9.692    9.801    9.894    9.943   10.085   10.229   10.253   10.418
   13.245   13.465   13.799   14.073   14.084   14.259   14.752   15.081   15.465   15.492
   15.755   15.814   17.205   17.303   17.545   17.646   18.117   18.155   18.246   18.297
   18.673   18.701   18.750   18.785   18.800   18.918   19.043   19.270   19.583   19.599
   19.677   19.840   19.895   19.968   19.978   20.001
            0.000000  0.450000  0.000000
  -48.246  -48.245  -48.243  -48.243  -22.731  -22.728  -22.605  -22.604  -22.528  -22.520
  -22.515  -22.514  -22.514  -22.507  -22.502  -22.501  -21.456  -21.450  -21.435  -21.432
   -6.428   -6.399   -5.882   -5.627   -5.431   -5.381   -5.344   -5.340   -5.150   -5.096
   -5.094   -5.035   -3.667   -3.618   -3.447   -3.432   -3.357   -3.321   -3.314   -3.280
   -3.277   -3.233   -3.197   -3.168    5.317    5.321    6.313    6.405    6.781    6.787
    6.910    6.925    6.952    7.118    7.147    7.287    7.353    7.381    7.419    7.669
    7.823    8.085    8.179    8.193    8.329    8.603    8.810    8.951    9.122    9.215
    9.578    9.721    9.730    9.840    9.953   10.004   10.045   10.107   10.164   10.308
   13.451   13.676   13.869   14.045   14.076   14.348   14.524   14.850   15.523   15.557
   15.670   15.720   17.349   17.507   17.561   17.832   17.949   18.365   18.463   18.605
   18.703   18.742   18.774   18.781   18.840   18.937   19.184   19.193   19.448   19.509
   19.512   19.630   19.635   19.749   20.079   20.104
            0.000000  0.500000  0.000000
  -48.245  -48.245  -48.243  -48.243  -22.730  -22.730  -22.605  -22.605  -22.522  -22.522
  -22.513  -22.513  -22.508  -22.508  -22.507  -22.507  -21.453  -21.453  -21.434  -21.434
   -6.417   -6.417   -5.757   -5.757   -5.384   -5.384   -5.362   -5.362   -5.100   -5.100
   -5.093   -5.093   -3.642   -3.642   -3.439   -3.439   -3.320   -3.320   -3.292   -3.292
   -3.253   -3.253   -3.198   -3.198    5.319    5.319    6.346    6.346    6.849    6.849
    6.965    6.965    7.133    7.133    7.186    7.186    7.250    7.250    7.553    7.553
    7.914    7.914    8.141    8.141    8.461    8.461    8.864    8.864    9.163    9.163
    9.646    9.646    9.833    9.833    9.978    9.978   10.079   10.079   10.184   10.184
   13.660   13.660   13.881   13.881   14.287   14.287   14.605   14.605   15.592   15.592
   15.634   15.634   17.462   17.462   17.730   17.730   18.139   18.139   18.592   18.592
   18.773   18.773   18.852   18.852   19.071   19.071   19.110   19.110   19.350   19.350
   19.417   19.417   19.679   19.679   20.161   20.161
            0.050000  0.500000  0.000000
  -48.245  -48.245  -48.243  -48.243  -22.730  -22.730  -22.605  -22.605  -22.527  -22.527
  -22.515  -22.515  -22.508  -22.508  -22.501  -22.501  -21.452  -21.452  -21.434  -21.434
   -6.424   -6.424   -5.756   -5.756   -5.435   -5.435   -5.301   -5.301   -5.105   -5.105
   -5.096   -5.096   -3.635   -3.635   -3.439   -3.439   -3.328   -3.328   -3.290   -3.290
   -3.249   -3.249   -3.189   -3.189    5.318    5.318    6.314    6.314    6.874    6.874
    6.875    6.875    7.028    7.028    7.181    7.181    7.363    7.363    7.597    7.597
    7.970    7.970    8.142    8.142    8.458    8.458    8.850    8.850    9.181    9.181
    9.654    9.654    9.820    9.820    9.922    9.922   10.053   10.053   10.236   10.236
   13.551   13.551   13.988   13.988   14.309   14.309   14.617   14.617   15.568   15.568
   15.662   15.662   17.437   17.437   17.738   17.738   18.136   18.136   18.600   18.600
   18.742   18.742   18.802   18.802   19.143   19.143   19.165   19.165   19.352   19.352
   19.407   19.407   19.648   19.648   20.178   20.178
            0.100000  0.500000  0.000000
  -48.245  -48.245  -48.243  -48.243  -22.730  -22.730  -22.605  -22.605  -22.535  -22.535
  -22.522  -22.522  -22.501  -22.501  -22.494  -22.494  -21.452  -21.452  -21.434  -21.434
   -6.446   -6.446   -5.753   -5.753   -5.485   -5.485   -5.222   -5.222   -5.121   -5.121
   -5.106   -5.106   -3.613   -3.613   -3.440   -3.440   -3.348   -3.348   -3.287   -3.287
   -3.236   -3.236   -3.166   -3.166    5.317    5.317    6.236    6.236    6.713    6.713
    6.825    6.825    6.936    6.936    7.250    7.250    7.448    7.448    7.699    7.699
    8.122    8.122    8.146    8.146    8.451    8.451    8.813    8.813    9.232    9.232
    9.677    9.677    9.785    9.785    9.818    9.818    9.976    9.976   10.326   10.326
   13.378   13.378   14.156   14.156   14.369   14.369   14.654   14.654   15.534   15.534
   15.707   15.707   17.363   17.363   17.760   17.760   18.127   18.127   18.562   18.562
   18.633   18.633   18.886   18.886   19.229   19.229   19.232   19.232   19.359   19.359
   19.455   19.455   19.569   19.569   20.200   20.200
            0.150000  0.500000  0.000000
  -48.245  -48.245  -48.243  -48.243  -22.729  -22.729  -22.605  -22.605  -22.542  -22.542
  -22.528  -22.528  -22.494  -22.494  -22.487  -22.487  -21.451  -21.451  -21.435  -21.435
   -6.479   -6.479   -5.749   -5.749   -5.527   -5.527   -5.144   -5.144   -5.138   -5.138
   -5.122   -5.122   -3.582   -3.582   -3.440   -3.440   -3.372   -3.372   -3.280   -3.280
   -3.216   -3.216   -3.136   -3.136    5.314    5.314    6.136    6.136    6.540    6.540
    6.625    6.625    7.010    7.010    7.322    7.322    7.498    7.498    7.813    7.813
    8.152    8.152    8.325    8.325    8.440    8.440    8.758    8.758    9.313    9.313
    9.710    9.710    9.714    9.714    9.731    9.731    9.856    9.856   10.416   10.416
   13.200   13.200   14.324   14.324   14.460   14.460   14.709   14.709   15.499   15.499
   15.757   15.757   17.246   17.246   17.794   17.794   18.119   18.119   18.367   18.367
   18.696   18.696   19.016   19.016   19.180   19.180   19.351   19.351   19.377   19.377
   19.463   19.463   19.618   19.618   20.226   20.226
            0.200000  0.500000  0.000000
  -48.245  -48.245  -48.243  -48.243  -22.729  -22.729  -22.605  -22.605  -22.550  -22.550
  -22.534  -22.534  -22.487  -22.487  -22.481  -22.481  -21.449  -21.449  -21.435  -21.435
   -6.518   -6.518   -5.742   -5.742   -5.561   -5.561   -5.173   -5.173   -5.141   -5.141
   -5.051   -5.051   -3.545   -3.545   -3.441   -3.441   -3.397   -3.397   -3.270   -3.270
   -3.192   -3.192   -3.104   -3.104    5.310    5.310    6.030    6.030    6.372    6.372
    6.438    6.438    7.083    7.083    7.409    7.409    7.534    7.534    7.912    7.912
    8.160    8.160    8.425    8.425    8.545    8.545    8.693    8.693    9.415    9.415
    9.608    9.608    9.663    9.663    9.710    9.710    9.761    9.761   10.496   10.496
   13.029   13.029   14.482   14.482   14.570   14.570   14.777   14.777   15.466   15.466
   15.808   15.808   17.098   17.098   17.834   17.834   18.118   18.118   18.167   18.167
   18.783   18.783   19.104   19.104   19.161   19.161   19.348   19.348   19.429   19.429
   19.495   19.495   19.812   19.812   20.268   20.268
            0.250000  0.500000  0.000000
  -48.245  -48.245  -48.243  -48.243  -22.728  -22.728  -22.605  -22.605  -22.557  -22.557
  -22.539  -22.539  -22.482  -22.482  -22.476  -22.476  -21.448  -21.448  -21.436  -21.436
   -6.558   -6.558   -5.735   -5.735   -5.588   -5.588   -5.203   -5.203   -5.162   -5.162
   -4.967   -4.967   -3.508   -3.508   -3.442   -3.442   -3.422   -3.422   -3.257   -3.257
   -3.165   -3.165   -3.073   -3.073    5.305    5.305    5.928    5.928    6.219    6.219
    6.272    6.272    7.147    7.147    7.513    7.513    7.565    7.565    7.987    7.987
    8.170    8.170    8.409    8.409    8.623    8.623    8.761    8.761    9.461    9.461
    9.518    9.518    9.588    9.588    9.613    9.613    9.814    9.814   10.563   10.563
   12.870   12.870   14.625   14.625   14.687   14.687   14.850   14.850   15.436   15.436
   15.859   15.859   16.936   16.936   17.876   17.876   17.971   17.971   18.124   18.124
   18.877   18.877   19.038   19.038   19.235   19.235   19.255   19.255   19.572   19.572
   19.651   19.651   20.011   20.011   20.323   20.323
            0.300000  0.500000  0.000000
  -48.245  -48.245  -48.243  -48.243  -22.728  -22.728  -22.605  -22.605  -22.562  -22.562
  -22.544  -22.544  -22.477  -22.477  -22.471  -22.471  -21.446  -21.446  -21.436  -21.436
   -6.597   -6.597   -5.728   -5.728   -5.609   -5.609   -5.231   -5.231   -5.183   -5.183
   -4.890   -4.890   -3.476   -3.476   -3.446   -3.446   -3.442   -3.442   -3.239   -3.239
   -3.138   -3.138   -3.045   -3.045    5.300    5.300    5.835    5.835    6.087    6.087
    6.132    6.132    7.200    7.200    7.594    7.594    7.634    7.634    8.036    8.036
    8.181    8.181    8.391    8.391    8.554    8.554    8.958    8.958    9.309    9.309
    9.443    9.443    9.513    9.513    9.710    9.710    9.870    9.870   10.617   10.617
   12.729   12.729   14.749   14.749   14.798   14.798   14.921   14.921   15.408   15.408
   15.905   15.905   16.775   16.775   17.788   17.788   17.916   17.916   18.136   18.136
   18.963   18.963   18.988   18.988   19.132   19.132   19.291   19.291   19.796   19.796
   19.802   19.802   20.205   20.205   20.341   20.341
            0.350000  0.500000  0.000000
  -48.245  -48.245  -48.243  -48.243  -22.728  -22.727  -22.605  -22.605  -22.567  -22.567
  -22.548  -22.548  -22.473  -22.473  -22.468  -22.468  -21.445  -21.445  -21.437  -21.437
   -6.630   -6.630   -5.721   -5.721   -5.626   -5.626   -5.255   -5.255   -5.202   -5.202
   -4.824   -4.824   -3.467   -3.467   -3.452   -3.452   -3.443   -3.443   -3.219   -3.219
   -3.115   -3.115   -3.020   -3.020    5.294    5.294    5.757    5.757    5.980    5.980
    6.021    6.021    7.241    7.241    7.620    7.620    7.771    7.771    8.065    8.065
    8.193    8.193    8.375    8.375    8.488    8.488    9.125    9.125    9.127    9.127
    9.385    9.385    9.445    9.445    9.829    9.829    9.922    9.922   10.658   10.658
   12.610   12.610   14.850   14.850   14.894   14.894   14.982   14.982   15.385   15.385
   15.945   15.945   16.631   16.631   17.632   17.632   17.951   17.951   18.150   18.150
   18.954   18.954   19.033   19.033   19.045   19.045   19.306   19.306   19.925   19.925
   20.035   20.035   20.353   20.353   20.383   20.383
            0.400000  0.500000  0.000000
  -48.245  -48.245  -48.243  -48.243  -22.727  -22.727  -22.605  -22.605  -22.571  -22.571
  -22.550  -22.550  -22.470  -22.470  -22.465  -22.465  -21.444  -21.444  -21.437  -21.437
   -6.655   -6.655   -5.715   -5.715   -5.638   -5.638   -5.274   -5.274   -5.217   -5.217
   -4.773   -4.773   -3.483   -3.483   -3.444   -3.444   -3.436   -3.436   -3.201   -3.201
   -3.096   -3.096   -3.002   -3.002    5.288    5.288    5.698    5.698    5.902    5.902
    5.940    5.940    7.269    7.269    7.640    7.640    7.918    7.918    8.080    8.080
    8.203    8.203    8.360    8.360    8.421    8.421    8.960    8.960    9.252    9.252
    9.344    9.344    9.391    9.391    9.928    9.928    9.965    9.965   10.686   10.686
   12.519   12.519   14.924   14.924   14.968   14.968   15.029   15.029   15.367   15.367
   15.975   15.975   16.517   16.517   17.511   17.511   17.978   17.978   18.162   18.162
   18.934   18.934   18.980   18.980   19.082   19.082   19.314   19.314   20.007   20.007
   20.239   20.239   20.359   20.359   20.531   20.531
            0.450000  0.500000  0.000000
  -48.245  -48.245  -48.243  -48.243  -22.727  -22.727  -22.605  -22.605  -22.573  -22.573
  -22.552  -22.552  -22.469  -22.469  -22.463  -22.463  -21.443  -21.443  -21.438  -21.438
   -6.670   -6.670   -5.711   -5.711   -5.645   -5.645   -5.286   -5.286   -5.227   -5.227
   -4.741   -4.741   -3.494   -3.494   -3.444   -3.444   -3.427   -3.427   -3.189   -3.189
   -3.084   -3.084   -2.990   -2.990    5.284    5.284    5.661    5.661    5.854    5.854
    5.892    5.892    7.285    7.285    7.654    7.654    8.056    8.056    8.098    8.098
    8.211    8.211    8.339    8.339    8.350    8.350    8.838    8.838    9.320    9.320
    9.332    9.332    9.356    9.356    9.993    9.993    9.994    9.994   10.703   10.703
   12.463   12.463   14.970   14.970   15.014   15.014   15.059   15.059   15.356   15.356
   15.994   15.994   16.445   16.445   17.435   17.435   17.995   17.995   18.171   18.171
   18.924   18.924   18.939   18.939   19.111   19.111   19.318   19.318   20.052   20.052
   20.362   20.362   20.372   20.372   20.631   20.631
            0.500000  0.500000  0.000000
  -48.245  -48.245  -48.243  -48.243  -22.727  -22.727  -22.605  -22.605  -22.573  -22.573
  -22.553  -22.553  -22.468  -22.468  -22.463  -22.463  -21.443  -21.443  -21.438  -21.438
   -6.676   -6.676   -5.709   -5.709   -5.647   -5.647   -5.290   -5.290   -5.230   -5.230
   -4.730   -4.730   -3.498   -3.498   -3.444   -3.444   -3.424   -3.424   -3.184   -3.184
   -3.080   -3.080   -2.986   -2.986    5.283    5.283    5.649    5.649    5.838    5.838
    5.876    5.876    7.290    7.290    7.659    7.659    8.078    8.078    8.198    8.198
    8.214    8.214    8.245    8.245    8.347    8.347    8.793    8.793    9.312    9.312
    9.344    9.344    9.359    9.359   10.003   10.003   10.017   10.017   10.708   10.708
   12.443   12.443   14.985   14.985   15.029   15.029   15.069   15.069   15.352   15.352
   16.000   16.000   16.419   16.419   17.409   17.409   18.001   18.001   18.174   18.174
   18.921   18.921   18.926   18.926   19.120   19.120   19.319   19.319   20.066   20.066
   20.363   20.363   20.417   20.417   20.667   20.667
            0.450000  0.450000  0.000000
  -48.245  -48.245  -48.243  -48.243  -22.727  -22.727  -22.605  -22.605  -22.573  -22.571
  -22.552  -22.550  -22.470  -22.468  -22.465  -22.463  -21.444  -21.443  -21.438  -21.437
   -6.667   -6.663   -5.736   -5.688   -5.647   -5.638   -5.282   -5.282   -5.226   -5.221
   -4.756   -4.747   -3.499   -3.482   -3.445   -3.443   -3.434   -3.426   -3.197   -3.190
   -3.094   -3.082   -2.998   -2.990    5.283    5.288    5.670    5.677    5.837    5.877
    5.903    5.939    7.260    7.301    7.626    7.674    7.907    8.058    8.072    8.202
    8.215    8.232    8.270    8.334    8.374    8.402    8.809    8.943    9.250    9.295
    9.338    9.360    9.366    9.393    9.925    9.961   10.007   10.020   10.684   10.710
   12.438   12.525   14.923   14.965   14.986   15.010   15.032   15.088   15.352   15.368
   15.967   16.008   16.419   16.518   17.405   17.513   17.951   18.028   18.119   18.217
   18.919   18.937   18.943   18.963   19.062   19.140   19.296   19.337   20.016   20.064
   20.296   20.354   20.366   20.369   20.544   20.653
            0.400000  0.400000  0.000000
  -48.246  -48.245  -48.243  -48.243  -22.728  -22.726  -22.605  -22.604  -22.572  -22.564
  -22.552  -22.544  -22.476  -22.471  -22.468  -22.463  -21.447  -21.443  -21.438  -21.436
   -6.644   -6.625   -5.807   -5.648   -5.624   -5.610   -5.260   -5.257   -5.221   -5.195
   -4.831   -4.795   -3.501   -3.462   -3.448   -3.439   -3.439   -3.430   -3.232   -3.209
   -3.136   -3.086   -3.032   -3.002    5.284    5.299    5.732    5.761    5.834    5.880
    6.092    6.128    7.177    7.331    7.538    7.556    7.718    7.986    8.070    8.165
    8.224    8.295    8.319    8.346    8.449    8.485    8.858    8.945    9.247    9.258
    9.323    9.386    9.492    9.529    9.692    9.854   10.019   10.029   10.610   10.716
   12.422   12.747   14.745   14.781   14.841   14.988   15.043   15.144   15.350   15.415
   15.876   16.032   16.416   16.776   17.392   17.776   17.807   17.967   18.104   18.344
   18.887   18.938   18.984   18.994   19.073   19.195   19.229   19.392   19.913   19.997
   20.055   20.140   20.225   20.241   20.325   20.385
            0.350000  0.350000  0.000000
  -48.246  -48.245  -48.243  -48.243  -22.730  -22.726  -22.606  -22.604  -22.570  -22.553
  -22.552  -22.535  -22.486  -22.480  -22.469  -22.463  -21.451  -21.443  -21.438  -21.434
   -6.607   -6.567   -5.907   -5.648   -5.565   -5.522   -5.227   -5.223   -5.218   -5.153
   -4.943   -4.864   -3.505   -3.505   -3.452   -3.437   -3.432   -3.377   -3.290   -3.238
   -3.203   -3.087   -3.084   -3.018    5.286    5.309    5.829    5.829    5.884    5.900
    6.385    6.429    7.064    7.211    7.378    7.421    7.786    7.828    8.081    8.110
    8.233    8.245    8.444    8.472    8.505    8.559    8.566    8.937    9.171    9.304
    9.417    9.422    9.595    9.681    9.721    9.722   10.039   10.044   10.483   10.726
   12.398   13.066   14.469   14.497   14.578   14.990   15.074   15.235   15.346   15.492
   15.750   16.070   16.411   17.102   17.360   17.586   17.743   18.043   18.222   18.551
   18.603   19.061   19.073   19.081   19.124   19.247   19.249   19.484   19.545   19.617
   19.856   19.861   20.016   20.030   20.071   20.269
            0.300000  0.300000  0.000000
  -48.246  -48.245  -48.244  -48.243  -22.732  -22.725  -22.606  -22.604  -22.567  -22.551
  -22.539  -22.523  -22.498  -22.492  -22.469  -22.464  -21.456  -21.443  -21.438  -21.432
   -6.561   -6.493   -6.021   -5.649   -5.508   -5.390   -5.250   -5.174   -5.166   -5.095
   -5.077   -4.943   -3.559   -3.511   -3.457   -3.445   -3.424   -3.365   -3.306   -3.291
   -3.276   -3.158   -3.074   -3.035    5.288    5.317    5.823    5.889    5.951    6.089
    6.752    6.813    6.893    6.942    7.296    7.439    7.553    7.873    7.996    8.041
    8.105    8.149    8.274    8.602    8.642    8.649    8.719    9.042    9.074    9.200
    9.292    9.476    9.598    9.901    9.908    9.942   10.066   10.067   10.300   10.738
   12.369   13.436   14.121   14.141   14.245   14.994   15.136   15.342   15.357   15.597
   15.617   16.117   16.403   17.296   17.312   17.404   17.477   18.143   18.246   18.371
   18.830   18.971   18.993   19.162   19.174   19.214   19.214   19.447   19.462   19.476
   19.613   19.631   19.770   19.983   19.992   20.186
            0.250000  0.250000  0.000000
  -48.246  -48.245  -48.244  -48.243  -22.735  -22.725  -22.607  -22.603  -22.564  -22.550
  -22.524  -22.512  -22.510  -22.506  -22.470  -22.464  -21.462  -21.443  -21.439  -21.429
   -6.512   -6.412   -6.138   -5.650   -5.445   -5.287   -5.238   -5.212   -5.114   -5.107
   -5.024   -5.024   -3.617   -3.516   -3.463   -3.455   -3.453   -3.415   -3.396   -3.320
   -3.239   -3.234   -3.052   -3.049    5.289    5.323    5.817    5.891    6.085    6.326
    6.609    6.824    7.150    7.178    7.178    7.238    7.475    7.507    7.966    7.969
    8.052    8.137    8.309    8.730    8.787    8.877    8.903    8.967    9.076    9.171
    9.308    9.496    9.554   10.061   10.095   10.101   10.129   10.168   10.176   10.751
   12.336   13.729   13.741   13.822   13.871   14.998   15.236   15.337   15.501   15.505
   15.726   16.169   16.392   17.017   17.184   17.197   17.626   17.866   18.107   18.400
   18.537   18.821   18.848   19.044   19.107   19.178   19.244   19.270   19.287   19.514
   19.740   19.775   19.914   19.995   20.079   20.301
            0.200000  0.200000  0.000000
  -48.246  -48.244  -48.244  -48.242  -22.737  -22.724  -22.607  -22.603  -22.561  -22.550
  -22.525  -22.519  -22.508  -22.496  -22.471  -22.465  -21.468  -21.444  -21.439  -21.427
   -6.467   -6.331   -6.249   -5.653   -5.382   -5.332   -5.331   -5.099   -5.079   -5.048
   -5.045   -4.944   -3.674   -3.548   -3.522   -3.509   -3.469   -3.464   -3.406   -3.367
   -3.325   -3.167   -3.055   -3.023    5.290    5.328    5.810    5.889    6.220    6.369
    6.604    6.720    6.769    6.992    7.074    7.530    7.576    7.642    7.892    7.954
    8.063    8.172    8.345    8.818    8.857    8.989    9.023    9.109    9.132    9.341
    9.380    9.420    9.656    9.772   10.133   10.141   10.344   10.382   10.389   10.765
   12.305   13.320   13.326   13.483   14.195   15.003   15.333   15.369   15.415   15.671
   15.873   16.221   16.373   16.733   16.928   17.008   17.510   17.764   17.826   18.024
   18.455   18.668   18.702   18.703   18.920   18.991   19.272   19.341   19.402   19.587
   19.831   19.960   19.963   20.020   20.305   20.426
            0.150000  0.150000  0.000000
  -48.246  -48.244  -48.244  -48.242  -22.740  -22.723  -22.608  -22.602  -22.558  -22.549
  -22.537  -22.531  -22.493  -22.484  -22.471  -22.466  -21.474  -21.444  -21.439  -21.424
   -6.430   -6.345   -6.257   -5.663   -5.420   -5.375   -5.327   -5.163   -4.986   -4.981
   -4.930   -4.859   -3.724   -3.640   -3.623   -3.527   -3.475   -3.472   -3.412   -3.406
   -3.398   -3.111   -3.053   -2.991    5.288    5.332    5.801    5.875    6.176    6.342
    6.393    6.588    6.635    6.916    6.990    7.640    7.827    7.846    7.864    7.957
    8.145    8.205    8.378    8.751    8.896    9.007    9.193    9.322    9.323    9.367
    9.451    9.538    9.620    9.780   10.181   10.188   10.530   10.546   10.567   10.778
   12.277   12.925   12.926   13.113   14.525   15.007   15.329   15.361   15.519   15.842
   16.028   16.268   16.336   16.493   16.691   16.769   17.183   17.301   17.836   17.937
   18.130   18.334   18.569   18.662   18.852   18.896   19.063   19.306   19.506   19.747
   19.845   20.048   20.161   20.173   20.288   20.395
            0.100000  0.100000  0.000000
  -48.247  -48.244  -48.244  -48.242  -22.742  -22.723  -22.608  -22.602  -22.556  -22.548
  -22.546  -22.540  -22.482  -22.475  -22.472  -22.466  -21.479  -21.444  -21.439  -21.423
   -6.419   -6.407   -6.198   -5.680   -5.468   -5.411   -5.285   -5.211   -4.937   -4.921
   -4.806   -4.779   -3.763   -3.726   -3.721   -3.531   -3.479   -3.479   -3.474   -3.450
   -3.391   -3.069   -3.046   -2.964    5.284    5.336    5.786    5.837    6.036    6.101
    6.307    6.439    6.573    6.928    7.247    7.691    7.776    7.793    8.074    8.147
    8.208    8.231    8.403    8.643    8.958    9.006    9.130    9.333    9.371    9.440
    9.515    9.766    9.909    9.957   10.239   10.241   10.651   10.674   10.711   10.788
   12.255   12.576   12.579   12.794   14.787   15.010   15.325   15.335   15.659   16.001
   16.176   16.240   16.304   16.350   16.504   16.508   16.762   17.029   17.862   17.866
   17.867   18.059   18.454   18.483   18.830   18.902   18.971   19.193   19.591   19.674
   19.750   20.219   20.330   20.374   20.516   20.516
            0.050000  0.050000  0.000000
  -48.247  -48.245  -48.244  -48.242  -22.743  -22.722  -22.608  -22.601  -22.555  -22.552
  -22.548  -22.546  -22.474  -22.472  -22.468  -22.466  -21.482  -21.444  -21.439  -21.421
   -6.466   -6.395   -6.159   -5.698   -5.486   -5.434   -5.260   -5.241   -4.904   -4.878
   -4.725   -4.719   -3.801   -3.788   -3.777   -3.534   -3.519   -3.483   -3.482   -3.475
   -3.387   -3.042   -3.037   -2.945    5.278    5.338    5.752    5.778    5.938    5.950
    6.169    6.501    6.535    6.890    7.564    7.724    7.744    7.748    8.210    8.235
    8.247    8.249    8.420    8.499    8.892    8.998    9.010    9.313    9.492    9.511
    9.652    9.972   10.014   10.226   10.288   10.301   10.710   10.765   10.794   10.802
   12.241   12.324   12.330   12.572   14.955   15.012   15.323   15.325   15.760   16.120
   16.128   16.249   16.288   16.291   16.328   16.392   16.475   16.899   17.676   17.820
   17.872   17.877   18.348   18.405   18.792   18.801   19.047   19.101   19.626   19.645
   19.686   20.312   20.360   20.377   20.519   20.671
            0.000000  0.000000  0.000000
  -48.247  -48.245  -48.244  -48.242  -22.743  -22.722  -22.609  -22.601  -22.555  -22.555
  -22.548  -22.548  -22.472  -22.472  -22.466  -22.466  -21.483  -21.444  -21.440  -21.421
   -6.482   -6.392   -6.146   -5.705   -5.490   -5.442   -5.252   -5.252   -4.892   -4.862
   -4.696   -4.696   -3.830   -3.797   -3.797   -3.535   -3.535   -3.484   -3.484   -3.483
   -3.385   -3.034   -3.034   -2.938    5.275    5.338    5.724    5.747    5.897    5.921
    6.133    6.522    6.522    6.878    7.733    7.733    7.736    7.736    8.255    8.255
    8.260    8.260    8.381    8.425    8.816    9.012    9.012    9.307    9.535    9.535
    9.701   10.056   10.056   10.311   10.329   10.329   10.730   10.796   10.796   10.833
   12.230   12.236   12.236   12.491   15.013   15.013   15.323   15.323   15.796   16.085
   16.166   16.175   16.204   16.336   16.336   16.350   16.410   16.859   17.607   17.804
   17.804   17.879   18.310   18.381   18.767   18.780   19.068   19.073   19.608   19.664
   19.664   20.356   20.356   20.361   20.551   20.726
            0.000000  0.000000  0.036364
  -48.247  -48.245  -48.244  -48.242  -22.742  -22.722  -22.609  -22.602  -22.555  -22.555
  -22.548  -22.548  -22.472  -22.472  -22.466  -22.466  -21.482  -21.444  -21.440  -21.421
   -6.480   -6.388   -6.139   -5.707   -5.489   -5.442   -5.249   -5.249   -4.901   -4.871
   -4.702   -4.702   -3.827   -3.790   -3.790   -3.534   -3.534   -3.485   -3.485   -3.478
   -3.388   -3.037   -3.037   -2.941    5.293    5.358    5.724    5.747    5.897    5.927
    6.135    6.527    6.527    6.872    7.715    7.715    7.740    7.740    8.252    8.252
    8.264    8.264    8.388    8.410    8.821    9.033    9.033    9.276    9.521    9.521
    9.695   10.056   10.056   10.285   10.324   10.324   10.730   10.789   10.789   10.832
   12.231   12.263   12.263   12.489   15.018   15.018   15.305   15.305   15.799   16.097
   16.164   16.176   16.204   16.321   16.321   16.362   16.431   16.884   17.612   17.822
   17.822   17.904   18.292   18.368   18.772   18.782   19.054   19.079   19.603   19.670
   19.670   20.354   20.354   20.367   20.555   20.690
            0.000000  0.000000  0.072727
  -48.247  -48.245  -48.244  -48.242  -22.740  -22.719  -22.612  -22.604  -22.554  -22.554
  -22.548  -22.548  -22.472  -22.472  -22.466  -22.466  -21.481  -21.443  -21.441  -21.422
   -6.473   -6.377   -6.119   -5.710   -5.489   -5.443   -5.243   -5.243   -4.927   -4.899
   -4.720   -4.720   -3.819   -3.768   -3.768   -3.533   -3.533   -3.486   -3.486   -3.466
   -3.397   -3.048   -3.048   -2.950    5.345    5.417    5.725    5.747    5.898    5.945
    6.144    6.540    6.540    6.854    7.666    7.666    7.752    7.752    8.245    8.245
    8.276    8.276    8.363    8.407    8.835    9.093    9.093    9.186    9.478    9.478
    9.675   10.059   10.059   10.209   10.310   10.310   10.732   10.765   10.765   10.830
   12.236   12.340   12.340   12.484   15.034   15.034   15.252   15.252   15.806   16.133
   16.158   16.178   16.204   16.279   16.279   16.398   16.490   16.961   17.627   17.874
   17.874   17.973   18.240   18.329   18.787   18.791   19.009   19.097   19.587   19.687
   19.687   20.349   20.349   20.381   20.565   20.589
            0.000000  0.000000  0.109091
  -48.247  -48.245  -48.244  -48.242  -22.736  -22.716  -22.616  -22.608  -22.554  -22.554
  -22.548  -22.548  -22.472  -22.472  -22.467  -22.467  -21.480  -21.443  -21.442  -21.422
   -6.461   -6.360   -6.086   -5.714   -5.487   -5.445   -5.231   -5.231   -4.969   -4.945
   -4.748   -4.748   -3.807   -3.735   -3.735   -3.532   -3.532   -3.487   -3.487   -3.447
   -3.411   -3.066   -3.066   -2.964    5.428    5.513    5.726    5.746    5.900    5.974
    6.160    6.561    6.561    6.826    7.593    7.593    7.771    7.771    8.233    8.233
    8.284    8.297    8.297    8.439    8.858    9.041    9.184    9.184    9.411    9.411
    9.644   10.064   10.064   10.092   10.290   10.290   10.727   10.727   10.735   10.827
   12.243   12.461   12.461   12.476   15.062   15.062   15.165   15.165   15.818   16.148
   16.181   16.192   16.203   16.214   16.214   16.458   16.580   17.089   17.651   17.956
   17.956   18.069   18.157   18.266   18.811   18.821   18.934   19.128   19.561   19.714
   19.714   20.338   20.338   20.396   20.442   20.442
            0.000000  0.000000  0.145455
  -48.247  -48.245  -48.244  -48.242  -22.731  -22.711  -22.622  -22.613  -22.554  -22.554
  -22.549  -22.549  -22.471  -22.471  -22.467  -22.467  -21.478  -21.443  -21.442  -21.423
   -6.446   -6.338   -6.040   -5.715   -5.485   -5.447   -5.215   -5.215   -5.025   -5.005
   -4.783   -4.783   -3.790   -3.691   -3.691   -3.530   -3.530   -3.489   -3.489   -3.431
   -3.421   -3.090   -3.090   -2.983    5.533    5.644    5.726    5.745    5.901    6.014
    6.192    6.591    6.591    6.787    7.505    7.505    7.797    7.797    8.174    8.216
    8.216    8.326    8.326    8.484    8.849    8.889    9.296    9.296    9.325    9.325
    9.601    9.945   10.070   10.070   10.267   10.267   10.674   10.674   10.739   10.823
   12.253   12.464   12.617   12.617   15.048   15.048   15.099   15.099   15.834   16.131
   16.131   16.134   16.183   16.202   16.271   16.540   16.694   17.266   17.684   18.047
   18.063   18.063   18.160   18.180   18.826   18.845   18.897   19.170   19.525   19.751
   19.751   20.263   20.263   20.323   20.323   20.388
            0.000000  0.000000  0.181818
  -48.246  -48.245  -48.244  -48.242  -22.724  -22.705  -22.629  -22.619  -22.554  -22.554
  -22.549  -22.549  -22.471  -22.471  -22.467  -22.467  -21.476  -21.446  -21.440  -21.424
   -6.426   -6.317   -5.982   -5.711   -5.483   -5.449   -5.195   -5.195   -5.093   -5.080
   -4.822   -4.822   -3.768   -3.641   -3.641   -3.527   -3.527   -3.492   -3.492   -3.455
   -3.389   -3.121   -3.121   -3.007    5.646    5.728    5.744    5.808    5.903    6.063
    6.249    6.630    6.630    6.738    7.409    7.409    7.829    7.829    8.031    8.195
    8.195    8.365    8.365    8.542    8.619    8.929    9.225    9.225    9.422    9.422
    9.550    9.781   10.078   10.078   10.245   10.245   10.607   10.607   10.744   10.817
   12.266   12.450   12.800   12.800   14.902   14.902   15.147   15.147   15.855   16.038
   16.038   16.116   16.185   16.201   16.370   16.642   16.827   17.482   17.725   17.915
   18.073   18.191   18.191   18.212   18.686   18.887   19.043   19.226   19.481   19.797
   19.797   20.067   20.067   20.180   20.300   20.300
            0.000000  0.000000  0.218182
  -48.246  -48.245  -48.244  -48.242  -22.716  -22.698  -22.637  -22.627  -22.553  -22.553
  -22.549  -22.549  -22.471  -22.471  -22.467  -22.467  -21.473  -21.448  -21.439  -21.426
   -6.404   -6.299   -5.913   -5.698   -5.480   -5.452   -5.171   -5.171   -5.170   -5.165
   -4.865   -4.865   -3.743   -3.586   -3.586   -3.524   -3.524   -3.495   -3.495   -3.482
   -3.353   -3.158   -3.158   -3.036    5.729    5.742    5.746    5.905    5.999    6.120
    6.350    6.677    6.677    6.682    7.311    7.311    7.857    7.866    7.866    8.169
    8.169    8.362    8.412    8.412    8.611    8.976    9.118    9.118    9.491    9.555
    9.555    9.612   10.088   10.088   10.222   10.222   10.526   10.526   10.750   10.811
   12.280   12.434   13.003   13.003   14.734   14.734   15.206   15.206   15.878   15.937
   15.937   16.096   16.187   16.200   16.486   16.762   16.977   17.729   17.766   17.774
   17.950   18.217   18.335   18.335   18.518   18.936   19.261   19.294   19.430   19.849
   19.849   19.861   19.861   19.902   20.221   20.271
            0.000000  0.000000  0.254545
  -48.246  -48.245  -48.243  -48.242  -22.707  -22.690  -22.646  -22.635  -22.553  -22.553
  -22.550  -22.550  -22.470  -22.470  -22.468  -22.468  -21.470  -21.451  -21.438  -21.427
   -6.380   -6.288   -5.835   -5.671   -5.477   -5.455   -5.257   -5.253   -5.143   -5.143
   -4.909   -4.909   -3.714   -3.528   -3.528   -3.521   -3.521   -3.513   -3.498   -3.498
   -3.314   -3.200   -3.200   -3.069    5.731    5.741    5.818    5.906    6.184    6.213
    6.506    6.618    6.732    6.732    7.213    7.213    7.656    7.906    7.906    8.085
    8.140    8.140    8.470    8.470    8.694    9.009    9.009    9.029    9.427    9.447
    9.692    9.692   10.100   10.100   10.201   10.201   10.433   10.433   10.757   10.804
   12.297   12.415   13.218   13.218   14.545   14.545   15.274   15.274   15.833   15.833
   15.904   16.072   16.189   16.199   16.619   16.896   17.142   17.604   17.812   17.829
   17.994   18.189   18.329   18.494   18.494   18.991   19.373   19.375   19.528   19.633
   19.652   19.652   19.906   19.906   20.090   20.234
            0.000000  0.000000  0.290909
  -48.246  -48.245  -48.243  -48.243  -22.698  -22.681  -22.656  -22.644  -22.552  -22.552
  -22.550  -22.550  -22.470  -22.470  -22.468  -22.468  -21.467  -21.454  -21.436  -21.429
   -6.355   -6.287   -5.748   -5.628   -5.473   -5.459   -5.356   -5.338   -5.111   -5.111
   -4.953   -4.953   -3.683   -3.546   -3.517   -3.517   -3.502   -3.502   -3.469   -3.469
   -3.272   -3.247   -3.247   -3.106    5.732    5.739    5.861    5.906    6.254    6.446
    6.549    6.713    6.795    6.795    7.119    7.119    7.432    7.798    7.947    7.947
    8.107    8.107    8.538    8.538    8.788    8.901    8.901    9.089    9.290    9.359
    9.829    9.829   10.113   10.113   10.181   10.181   10.329   10.329   10.765   10.797
   12.315   12.396   13.443   13.443   14.340   14.340   15.351   15.351   15.728   15.728
   15.932   16.046   16.191   16.197   16.766   17.042   17.321   17.435   17.665   17.890
   18.127   18.141   18.270   18.666   18.666   19.052   19.311   19.366   19.444   19.444
   19.468   19.824   19.953   19.965   19.965   20.190
            0.000000  0.000000  0.327273
  -48.246  -48.245  -48.243  -48.243  -22.687  -22.672  -22.666  -22.653  -22.552  -22.552
  -22.551  -22.551  -22.470  -22.470  -22.469  -22.469  -21.464  -21.457  -21.434  -21.431
   -6.331   -6.294   -5.655   -5.571   -5.470   -5.462   -5.456   -5.422   -5.075   -5.075
   -4.996   -4.996   -3.650   -3.581   -3.514   -3.514   -3.506   -3.506   -3.411   -3.411
   -3.299   -3.299   -3.229   -3.145    5.734    5.738    5.885    5.904    6.327    6.476
    6.691    6.866    6.866    6.957    7.028    7.028    7.191    7.509    7.989    7.989
    8.070    8.070    8.615    8.615    8.798    8.798    8.894    9.146    9.153    9.289
    9.963    9.963   10.128   10.128   10.162   10.162   10.215   10.215   10.772   10.789
   12.335   12.376   13.671   13.671   14.124   14.124   15.436   15.436   15.626   15.626
   15.960   16.018   16.193   16.196   16.924   17.195   17.262   17.510   17.512   17.920
   17.954   18.082   18.549   18.848   18.848   19.098   19.115   19.239   19.239   19.246
   19.574   19.819   20.026   20.026   20.135   20.140
            0.000000  0.000000  0.363636
  -48.246  -48.246  -48.243  -48.243  -22.677  -22.677  -22.662  -22.662  -22.551  -22.551
  -22.551  -22.551  -22.469  -22.469  -22.469  -22.469  -21.461  -21.461  -21.432  -21.432
   -6.310   -6.310   -5.557   -5.557   -5.501   -5.501   -5.466   -5.466   -5.037   -5.037
   -5.037   -5.037   -3.615   -3.615   -3.510   -3.510   -3.510   -3.510   -3.354   -3.354
   -3.354   -3.354   -3.187   -3.187    5.736    5.736    5.898    5.898    6.402    6.402
    6.942    6.942    6.944    6.944    6.944    6.944    7.226    7.226    8.031    8.031
    8.031    8.031    8.703    8.703    8.703    8.703    9.013    9.014    9.220    9.220
   10.093   10.093   10.093   10.093   10.144   10.144   10.144   10.144   10.780   10.781
   12.355   12.355   13.900   13.900   13.900   13.900   15.528   15.528   15.528   15.528
   15.990   15.990   16.194   16.194   17.091   17.091   17.352   17.352   17.713   17.713
   18.019   18.019   18.825   18.825   19.039   19.039   19.039   19.039   19.181   19.181
   19.691   19.691   20.085   20.085   20.085   20.085
            0.000000  0.050000  0.363636
  -48.246  -48.246  -48.243  -48.243  -22.677  -22.677  -22.662  -22.662  -22.551  -22.551
  -22.551  -22.551  -22.470  -22.470  -22.470  -22.470  -21.460  -21.460  -21.432  -21.432
   -6.305   -6.305   -5.566   -5.566   -5.503   -5.503   -5.463   -5.463   -5.039   -5.039
   -5.037   -5.037   -3.620   -3.620   -3.509   -3.509   -3.506   -3.506   -3.356   -3.356
   -3.344   -3.344   -3.187   -3.187    5.753    5.753    5.914    5.914    6.407    6.407
    6.940    6.940    6.942    6.942    6.948    6.948    7.232    7.232    7.994    7.994
    8.019    8.019    8.673    8.673    8.674    8.674    9.048    9.048    9.256    9.256
   10.087   10.087   10.091   10.091   10.103   10.103   10.121   10.121   10.770   10.770
   12.399   12.399   13.903   13.903   13.904   13.904   15.513   15.513   15.515   15.515
   15.969   15.969   16.239   16.239   17.113   17.113   17.368   17.368   17.731   17.731
   18.042   18.042   18.833   18.833   19.030   19.030   19.043   19.043   19.192   19.192
   19.686   19.686   20.084   20.084   20.094   20.094
            0.000000  0.100000  0.363636
  -48.246  -48.246  -48.243  -48.243  -22.676  -22.676  -22.663  -22.663  -22.550  -22.550
  -22.549  -22.549  -22.472  -22.472  -22.471  -22.471  -21.459  -21.459  -21.433  -21.433
   -6.290   -6.289   -5.592   -5.592   -5.508   -5.508   -5.455   -5.455   -5.046   -5.046
   -5.040   -5.040   -3.629   -3.629   -3.509   -3.509   -3.494   -3.494   -3.362   -3.362
   -3.319   -3.319   -3.186   -3.186    5.803    5.803    5.963    5.963    6.425    6.425
    6.936    6.936    6.937    6.937    6.960    6.961    7.248    7.248    7.896    7.896
    7.982    7.982    8.600    8.600    8.606    8.606    9.125    9.125    9.346    9.346
    9.992    9.992   10.056   10.056   10.070   10.070   10.086   10.086   10.739   10.739
   12.520   12.520   13.915   13.916   13.916   13.916   15.468   15.468   15.477   15.477
   15.909   15.909   16.369   16.369   17.177   17.178   17.414   17.414   17.782   17.782
   18.108   18.108   18.854   18.854   19.004   19.004   19.051   19.051   19.230   19.230
   19.668   19.668   20.082   20.082   20.121   20.121
            0.000000  0.150000  0.363636
  -48.246  -48.245  -48.243  -48.243  -22.676  -22.676  -22.663  -22.663  -22.548  -22.548
  -22.547  -22.547  -22.475  -22.475  -22.474  -22.474  -21.458  -21.458  -21.433  -21.433
   -6.264   -6.264   -5.630   -5.630   -5.515   -5.515   -5.441   -5.441   -5.057   -5.057
   -5.050   -5.049   -3.638   -3.638   -3.508   -3.508   -3.479   -3.479   -3.371   -3.371
   -3.285   -3.285   -3.183   -3.183    5.886    5.886    6.041    6.041    6.453    6.454
    6.928    6.928    6.935    6.935    6.981    6.981    7.273    7.273    7.760    7.760
    7.923    7.923    8.499    8.499    8.520    8.520    9.203    9.203    9.459    9.459
    9.838    9.838    9.964    9.964   10.044   10.044   10.077   10.077   10.690   10.690
   12.699   12.700   13.938   13.938   13.940   13.940   15.396   15.396   15.415   15.415
   15.810   15.811   16.574   16.574   17.279   17.279   17.488   17.488   17.860   17.860
   18.209   18.209   18.885   18.885   18.963   18.963   19.061   19.061   19.302   19.302
   19.637   19.637   20.079   20.079   20.162   20.162
            0.000000  0.200000  0.363636
  -48.245  -48.245  -48.243  -48.243  -22.675  -22.675  -22.663  -22.663  -22.545  -22.545
  -22.544  -22.543  -22.479  -22.479  -22.477  -22.477  -21.457  -21.457  -21.434  -21.434
   -6.231   -6.231   -5.676   -5.676   -5.522   -5.522   -5.422   -5.422   -5.073   -5.073
   -5.070   -5.070   -3.640   -3.640   -3.506   -3.506   -3.463   -3.463   -3.383   -3.383
   -3.248   -3.248   -3.177   -3.177    5.999    5.999    6.140    6.140    6.495    6.495
    6.915    6.915    6.944    6.944    7.011    7.011    7.304    7.304    7.607    7.607
    7.843    7.843    8.377    8.377    8.419    8.419    9.231    9.231    9.577    9.577
    9.691    9.691    9.867    9.867   10.013   10.013   10.064   10.064   10.626   10.626
   12.918   12.918   13.974   13.974   13.976   13.976   15.302   15.302   15.330   15.330
   15.679   15.679   16.843   16.843   17.411   17.411   17.590   17.590   17.956   17.956
   18.332   18.332   18.911   18.911   18.926   18.926   19.067   19.067   19.411   19.411
   19.597   19.597   20.075   20.075   20.213   20.213
            0.000000  0.250000  0.363636
  -48.245  -48.245  -48.243  -48.243  -22.674  -22.674  -22.664  -22.664  -22.542  -22.541
  -22.539  -22.539  -22.484  -22.483  -22.481  -22.481  -21.455  -21.455  -21.435  -21.435
   -6.191   -6.191   -5.725   -5.725   -5.525   -5.525   -5.399   -5.399   -5.104   -5.104
   -5.093   -5.093   -3.632   -3.632   -3.503   -3.503   -3.452   -3.452   -3.397   -3.397
   -3.211   -3.211   -3.168   -3.168    6.141    6.141    6.250    6.250    6.551    6.551
    6.897    6.897    6.973    6.973    7.049    7.049    7.342    7.342    7.453    7.453
    7.749    7.749    8.240    8.240    8.296    8.296    9.135    9.135    9.633    9.633
    9.682    9.682    9.794    9.794    9.979    9.979   10.043   10.043   10.552   10.552
   13.160   13.160   14.025   14.025   14.029   14.029   15.190   15.190   15.226   15.226
   15.520   15.520   17.161   17.161   17.565   17.565   17.714   17.714   18.056   18.056
   18.454   18.454   18.852   18.852   18.984   18.984   19.057   19.057   19.548   19.548
   19.556   19.556   20.069   20.069   20.249   20.249
            0.000000  0.300000  0.363636
  -48.245  -48.245  -48.244  -48.243  -22.673  -22.673  -22.664  -22.664  -22.537  -22.537
  -22.535  -22.534  -22.489  -22.489  -22.486  -22.486  -21.452  -21.452  -21.436  -21.436
   -6.146   -6.146   -5.775   -5.774   -5.521   -5.521   -5.372   -5.371   -5.151   -5.151
   -5.117   -5.117   -3.617   -3.617   -3.499   -3.499   -3.448   -3.448   -3.412   -3.412
   -3.177   -3.177   -3.154   -3.154    6.308    6.308    6.353    6.353    6.623    6.623
    6.870    6.870    7.032    7.032    7.097    7.097    7.308    7.308    7.389    7.389
    7.646    7.646    8.094    8.094    8.145    8.145    8.926    8.926    9.657    9.657
    9.700    9.700    9.832    9.832    9.946    9.946   10.013   10.013   10.472   10.472
   13.414   13.415   14.093   14.093   14.099   14.099   15.065   15.065   15.105   15.105
   15.338   15.338   17.515   17.515   17.734   17.734   17.859   17.859   18.149   18.149
   18.542   18.542   18.794   18.794   19.023   19.023   19.067   19.067   19.530   19.530
   19.696   19.696   20.061   20.061   20.165   20.165
            0.000000  0.350000  0.363636
  -48.245  -48.245  -48.244  -48.244  -22.672  -22.672  -22.665  -22.665  -22.533  -22.532
  -22.529  -22.529  -22.495  -22.495  -22.492  -22.492  -21.450  -21.450  -21.438  -21.438
   -6.099   -6.098   -5.823   -5.823   -5.507   -5.507   -5.341   -5.341   -5.207   -5.207
   -5.144   -5.144   -3.594   -3.594   -3.494   -3.494   -3.453   -3.453   -3.428   -3.428
   -3.149   -3.149   -3.138   -3.138    6.439    6.439    6.496    6.496    6.707    6.707
    6.832    6.832    7.129    7.129    7.155    7.155    7.183    7.183    7.453    7.453
    7.536    7.536    7.947    7.947    7.965    7.965    8.672    8.672    9.689    9.689
    9.703    9.703    9.914    9.914    9.926    9.926    9.973    9.973   10.392   10.392
   13.675   13.675   14.179   14.179   14.188   14.188   14.930   14.930   14.972   14.972
   15.138   15.138   17.892   17.892   17.910   17.910   18.022   18.022   18.230   18.230
   18.568   18.568   18.740   18.740   18.952   18.952   19.175   19.175   19.536   19.536
   19.823   19.823   20.053   20.053   20.056   20.056
            0.000000  0.400000  0.363636
  -48.245  -48.245  -48.244  -48.244  -22.671  -22.670  -22.666  -22.666  -22.527  -22.527
  -22.523  -22.523  -22.502  -22.502  -22.498  -22.498  -21.448  -21.448  -21.439  -21.439
   -6.051   -6.051   -5.870   -5.870   -5.481   -5.481   -5.309   -5.308   -5.269   -5.269
   -5.174   -5.174   -3.567   -3.567   -3.487   -3.487   -3.466   -3.466   -3.442   -3.442
   -3.127   -3.127   -3.123   -3.123    6.511    6.511    6.700    6.700    6.780    6.780
    6.789    6.789    7.080    7.080    7.226    7.226    7.260    7.260    7.418    7.418
    7.549    7.549    7.770    7.770    7.802    7.802    8.407    8.407    9.705    9.705
    9.749    9.749    9.884    9.884    9.922    9.922   10.015   10.015   10.316   10.316
   13.935   13.936   14.281   14.281   14.293   14.293   14.790   14.790   14.832   14.832
   14.923   14.923   18.088   18.088   18.180   18.180   18.300   18.300   18.300   18.300
   18.536   18.536   18.670   18.670   18.842   18.842   19.300   19.300   19.571   19.572
   19.832   19.832   19.897   19.897   19.978   19.978
            0.000000  0.450000  0.363636
  -48.245  -48.244  -48.244  -48.244  -22.669  -22.669  -22.667  -22.667  -22.521  -22.521
  -22.517  -22.517  -22.508  -22.508  -22.504  -22.504  -21.445  -21.445  -21.441  -21.441
   -6.004   -6.004   -5.915   -5.915   -5.442   -5.442   -5.332   -5.332   -5.275   -5.275
   -5.206   -5.206   -3.538   -3.538   -3.486   -3.486   -3.478   -3.478   -3.456   -3.456
   -3.114   -3.114   -3.113   -3.113    6.579    6.579    6.716    6.716    6.863    6.863
    6.910    6.910    7.000    7.000    7.281    7.281    7.314    7.314    7.400    7.400
    7.582    7.582    7.664    7.664    7.697    7.697    8.145    8.145    9.745    9.745
    9.789    9.789    9.855    9.855    9.862    9.862   10.096   10.096   10.243   10.243
   14.192   14.192   14.398   14.398   14.415   14.415   14.641   14.641   14.688   14.688
   14.702   14.702   18.259   18.259   18.360   18.360   18.365   18.366   18.479   18.479
   18.565   18.565   18.699   18.699   18.700   18.700   19.429   19.429   19.485   19.485
   19.592   19.592   19.910   19.910   19.914   19.914
            0.000000  0.500000  0.363636
  -48.244  -48.244  -48.244  -48.244  -22.668  -22.668  -22.668  -22.668  -22.515  -22.515
  -22.515  -22.515  -22.510  -22.510  -22.510  -22.510  -21.443  -21.443  -21.443  -21.443
   -5.959   -5.959   -5.959   -5.959   -5.391   -5.391   -5.391   -5.391   -5.240   -5.240
   -5.240   -5.240   -3.511   -3.511   -3.511   -3.511   -3.468   -3.468   -3.468   -3.468
   -3.109   -3.109   -3.109   -3.109    6.647    6.647    6.647    6.647    6.931    6.931
    6.931    6.931    7.110    7.110    7.110    7.110    7.428    7.428    7.428    7.428
    7.532    7.532    7.533    7.533    7.901    7.901    7.902    7.902    9.800    9.800
    9.800    9.800    9.824    9.824    9.824    9.824   10.171   10.171   10.171   10.171
   14.437   14.438   14.438   14.438   14.529   14.529   14.529   14.529   14.548   14.548
   14.548   14.548   18.403   18.403   18.403   18.403   18.443   18.443   18.443   18.443
   18.535   18.535   18.535   18.535   19.099   19.099   19.099   19.099   19.539   19.539
   19.539   19.539   19.900   19.900   19.900   19.900
            0.050000  0.500000  0.363636
  -48.244  -48.244  -48.244  -48.244  -22.668  -22.668  -22.668  -22.668  -22.521  -22.521
  -22.521  -22.521  -22.505  -22.505  -22.505  -22.505  -21.443  -21.443  -21.443  -21.443
   -5.968   -5.968   -5.968   -5.968   -5.394   -5.394   -5.393   -5.393   -5.231   -5.231
   -5.231   -5.231   -3.522   -3.522   -3.522   -3.522   -3.450   -3.450   -3.450   -3.450
   -3.110   -3.110   -3.110   -3.110    6.631    6.631    6.631    6.631    6.872    6.872
    6.872    6.872    7.155    7.155    7.155    7.155    7.372    7.372    7.372    7.372
    7.551    7.551    7.551    7.551    7.982    7.982    7.982    7.982    9.757    9.757
    9.757    9.757    9.846    9.846    9.846    9.846   10.163   10.163   10.163   10.163
   14.417   14.417   14.417   14.418   14.492   14.492   14.492   14.492   14.627   14.627
   14.627   14.627   18.416   18.416   18.416   18.416   18.441   18.441   18.441   18.441
   18.552   18.552   18.552   18.552   19.002   19.002   19.003   19.003   19.628   19.628
   19.628   19.628   19.889   19.889   19.889   19.889
            0.100000  0.500000  0.363636
  -48.244  -48.244  -48.244  -48.244  -22.668  -22.668  -22.668  -22.668  -22.528  -22.528
  -22.528  -22.528  -22.498  -22.498  -22.497  -22.497  -21.443  -21.443  -21.443  -21.443
   -5.992   -5.992   -5.992   -5.992   -5.399   -5.399   -5.399   -5.399   -5.207   -5.207
   -5.207   -5.207   -3.536   -3.536   -3.536   -3.536   -3.415   -3.415   -3.415   -3.415
   -3.114   -3.114   -3.114   -3.114    6.572    6.572    6.572    6.572    6.777    6.777
    6.777    6.777    7.192    7.192    7.192    7.192    7.319    7.319    7.319    7.319
    7.576    7.576    7.576    7.576    8.161    8.161    8.161    8.161    9.693    9.693
    9.693    9.693    9.842    9.842    9.842    9.842   10.148   10.148   10.148   10.148
   14.348   14.348   14.348   14.348   14.528   14.528   14.528   14.528   14.723   14.723
   14.723   14.723   18.418   18.418   18.418   18.418   18.446   18.446   18.446   18.446
   18.594   18.594   18.594   18.594   18.860   18.860   18.860   18.860   19.742   19.742
   19.742   19.742   19.905   19.905   19.905   19.905
            0.150000  0.500000  0.363636
  -48.244  -48.244  -48.244  -48.244  -22.668  -22.668  -22.668  -22.668  -22.535  -22.535
  -22.535  -22.535  -22.491  -22.491  -22.491  -22.491  -21.443  -21.443  -21.443  -21.443
   -6.028   -6.028   -6.028   -6.028   -5.407   -5.407   -5.406   -5.406   -5.173   -5.173
   -5.173   -5.173   -3.542   -3.542   -3.542   -3.542   -3.376   -3.376   -3.376   -3.376
   -3.119   -3.119   -3.119   -3.119    6.461    6.461    6.461    6.461    6.700    6.700
    6.700    6.700    7.143    7.143    7.143    7.143    7.370    7.370    7.370    7.370
    7.607    7.607    7.607    7.607    8.374    8.374    8.374    8.374    9.622    9.622
    9.622    9.622    9.794    9.794    9.794    9.794   10.140   10.140   10.140   10.141
   14.275   14.275   14.275   14.275   14.598   14.598   14.598   14.598   14.821   14.821
   14.821   14.821   18.305   18.305   18.305   18.305   18.478   18.478   18.478   18.478
   18.640   18.640   18.640   18.640   18.850   18.850   18.850   18.850   19.744   19.744
   19.744   19.744   19.998   19.998   19.998   19.998
            0.200000  0.500000  0.363636
  -48.244  -48.244  -48.244  -48.244  -22.668  -22.668  -22.667  -22.667  -22.542  -22.542
  -22.542  -22.542  -22.484  -22.484  -22.484  -22.484  -21.442  -21.442  -21.442  -21.442
   -6.068   -6.068   -6.068   -6.068   -5.415   -5.415   -5.415   -5.415   -5.135   -5.135
   -5.135   -5.135   -3.541   -3.541   -3.541   -3.541   -3.336   -3.336   -3.336   -3.336
   -3.126   -3.126   -3.126   -3.126    6.322    6.322    6.322    6.322    6.636    6.636
    6.636    6.636    7.089    7.089    7.089    7.089    7.444    7.444    7.444    7.444
    7.644    7.644    7.644    7.644    8.592    8.592    8.592    8.592    9.548    9.548
    9.548    9.548    9.707    9.707    9.708    9.708   10.143   10.143   10.143   10.143
   14.207   14.207   14.207   14.207   14.685   14.685   14.685   14.685   14.919   14.919
   14.919   14.919   18.102   18.102   18.102   18.102   18.512   18.512   18.512   18.512
   18.704   18.704   18.704   18.704   18.967   18.967   18.967   18.967   19.716   19.716
   19.716   19.716   20.046   20.046   20.046   20.046
            0.250000  0.500000  0.363636
  -48.244  -48.244  -48.244  -48.244  -22.667  -22.667  -22.667  -22.667  -22.548  -22.548
  -22.548  -22.548  -22.479  -22.479  -22.479  -22.479  -21.442  -21.442  -21.442  -21.442
   -6.109   -6.109   -6.109   -6.109   -5.423   -5.423   -5.423   -5.423   -5.099   -5.099
   -5.099   -5.099   -3.531   -3.531   -3.531   -3.531   -3.299   -3.299   -3.299   -3.299
   -3.133   -3.133   -3.133   -3.133    6.182    6.183    6.183    6.183    6.575    6.575
    6.575    6.575    7.053    7.053    7.053    7.053    7.516    7.516    7.516    7.516
    7.688    7.688    7.688    7.688    8.798    8.798    8.798    8.798    9.471    9.471
    9.471    9.471    9.607    9.607    9.607    9.607   10.151   10.151   10.151   10.151
   14.147   14.147   14.147   14.147   14.777   14.777   14.777   14.777   15.013   15.013
   15.013   15.013   17.880   17.880   17.880   17.880   18.550   18.550   18.550   18.550
   18.788   18.788   18.788   18.788   19.121   19.121   19.121   19.121   19.703   19.703
   19.703   19.703   20.049   20.049   20.049   20.049
            0.300000  0.500000  0.363636
  -48.244  -48.244  -48.244  -48.244  -22.667  -22.667  -22.667  -22.667  -22.553  -22.553
  -22.553  -22.553  -22.474  -22.474  -22.474  -22.474  -21.441  -21.441  -21.441  -21.441
   -6.147   -6.147   -6.147   -6.147   -5.431   -5.431   -5.431   -5.431   -5.066   -5.066
   -5.066   -5.066   -3.516   -3.516   -3.516   -3.516   -3.268   -3.268   -3.268   -3.268
   -3.138   -3.138   -3.138   -3.138    6.057    6.057    6.057    6.057    6.516    6.516
    6.516    6.516    7.031    7.031    7.031    7.031    7.579    7.579    7.579    7.579
    7.738    7.738    7.738    7.738    8.974    8.974    8.974    8.974    9.382    9.382
    9.382    9.382    9.527    9.527    9.527    9.527   10.158   10.158   10.158   10.158
   14.095   14.095   14.095   14.095   14.865   14.865   14.865   14.865   15.097   15.097
   15.098   15.098   17.671   17.671   17.671   17.671   18.590   18.590   18.590   18.590
   18.884   18.884   18.884   18.884   19.254   19.254   19.254   19.254   19.723   19.723
   19.723   19.723   20.035   20.035   20.035   20.035
            0.350000  0.500000  0.363636
  -48.244  -48.244  -48.244  -48.244  -22.667  -22.667  -22.667  -22.667  -22.557  -22.557
  -22.557  -22.557  -22.470  -22.470  -22.470  -22.470  -21.441  -21.441  -21.441  -21.441
   -6.179   -6.179   -6.179   -6.179   -5.438   -5.438   -5.438   -5.438   -5.040   -5.040
   -5.040   -5.040   -3.498   -3.498   -3.498   -3.498   -3.248   -3.248   -3.248   -3.248
   -3.140   -3.140   -3.140   -3.140    5.953    5.953    5.953    5.953    6.465    6.465
    6.465    6.465    7.018    7.018    7.018    7.018    7.626    7.626    7.626    7.626
    7.796    7.796    7.796    7.796    9.086    9.086    9.086    9.086    9.301    9.301
    9.301    9.301    9.487    9.487    9.487    9.487   10.164   10.164   10.164   10.164
   14.054   14.054   14.054   14.054   14.941   14.941   14.941   14.941   15.169   15.169
   15.169   15.169   17.492   17.492   17.492   17.492   18.627   18.627   18.627   18.627
   18.986   18.986   18.986   18.986   19.329   19.329   19.329   19.329   19.764   19.764
   19.764   19.764   20.040   20.040   20.040   20.040
            0.400000  0.500000  0.363636
  -48.244  -48.244  -48.244  -48.244  -22.667  -22.667  -22.667  -22.667  -22.561  -22.561
  -22.560  -22.560  -22.468  -22.468  -22.468  -22.468  -21.441  -21.441  -21.441  -21.441
   -6.203   -6.203   -6.203   -6.203   -5.443   -5.443   -5.443   -5.443   -5.021   -5.021
   -5.021   -5.021   -3.480   -3.480   -3.480   -3.480   -3.240   -3.240   -3.240   -3.240
   -3.136   -3.136   -3.136   -3.136    5.876    5.876    5.876    5.876    6.426    6.426
    6.426    6.426    7.011    7.011    7.011    7.011    7.657    7.657    7.657    7.657
    7.855    7.855    7.855    7.855    9.080    9.080    9.080    9.080    9.287    9.287
    9.287    9.287    9.489    9.489    9.489    9.489   10.168   10.168   10.168   10.168
   14.024   14.024   14.024   14.024   14.999   14.999   15.000   15.000   15.223   15.223
   15.223   15.223   17.356   17.356   17.356   17.356   18.658   18.658   18.658   18.658
   19.082   19.082   19.082   19.082   19.355   19.355   19.355   19.355   19.767   19.767
   19.767   19.767   20.097   20.097   20.097   20.097
            0.450000  0.500000  0.363636
  -48.244  -48.244  -48.244  -48.244  -22.667  -22.667  -22.666  -22.666  -22.562  -22.562
  -22.562  -22.562  -22.466  -22.466  -22.466  -22.466  -21.440  -21.440  -21.440  -21.440
   -6.218   -6.218   -6.218   -6.218   -5.447   -5.447   -5.447   -5.447   -5.009   -5.009
   -5.009   -5.009   -3.466   -3.466   -3.466   -3.466   -3.239   -3.239   -3.239   -3.239
   -3.131   -3.131   -3.131   -3.131    5.829    5.829    5.829    5.829    6.401    6.401
    6.401    6.401    7.007    7.007    7.007    7.007    7.673    7.673    7.673    7.673
    7.902    7.902    7.902    7.902    9.026    9.026    9.026    9.026    9.298    9.298
    9.298    9.298    9.514    9.514    9.514    9.514   10.171   10.171   10.171   10.171
   14.006   14.006   14.006   14.006   15.036   15.036   15.036   15.036   15.257   15.257
   15.258   15.258   17.270   17.270   17.270   17.270   18.678   18.678   18.678   18.678
   19.157   19.157   19.157   19.157   19.360   19.360   19.360   19.360   19.737   19.737
   19.737   19.737   20.164   20.164   20.164   20.164
            0.500000  0.500000  0.363636
  -48.244  -48.244  -48.244  -48.244  -22.667  -22.666  -22.666  -22.666  -22.563  -22.563
  -22.563  -22.563  -22.465  -22.465  -22.465  -22.465  -21.440  -21.440  -21.440  -21.440
   -6.223   -6.223   -6.223   -6.223   -5.448   -5.448   -5.448   -5.448   -5.005   -5.005
   -5.005   -5.005   -3.461   -3.461   -3.461   -3.461   -3.240   -3.240   -3.240   -3.240
   -3.129   -3.129   -3.129   -3.129    5.813    5.813    5.813    5.813    6.392    6.392
    6.392    6.392    7.006    7.006    7.006    7.006    7.678    7.678    7.678    7.678
    7.919    7.919    7.919    7.919    9.002    9.002    9.002    9.002    9.301    9.301
    9.301    9.301    9.527    9.527    9.527    9.527   10.171   10.171   10.171   10.171
   13.999   13.999   13.999   13.999   15.048   15.048   15.048   15.048   15.269   15.269
   15.269   15.269   17.240   17.240   17.240   17.240   18.685   18.685   18.685   18.685
   19.187   19.187   19.187   19.187   19.360   19.360   19.360   19.360   19.720   19.720
   19.720   19.720   20.192   20.192   20.192   20.192
            0.450000  0.450000  0.363636
  -48.244  -48.244  -48.244  -48.244  -22.667  -22.667  -22.666  -22.666  -22.563  -22.563
  -22.561  -22.561  -22.468  -22.467  -22.466  -22.465  -21.441  -21.441  -21.440  -21.440
   -6.219   -6.219   -6.207   -6.207   -5.453   -5.453   -5.438   -5.438   -5.021   -5.021
   -5.005   -5.005   -3.479   -3.479   -3.463   -3.463   -3.247   -3.247   -3.230   -3.230
   -3.137   -3.137   -3.131   -3.131    5.812    5.813    5.876    5.876    6.400    6.400
    6.418    6.418    7.006    7.006    7.011    7.011    7.650    7.650    7.686    7.686
    7.836    7.836    7.938    7.938    8.996    8.997    9.100    9.100    9.261    9.261
    9.313    9.313    9.485    9.485    9.532    9.532   10.169   10.169   10.171   10.171
   13.996   13.996   14.028   14.028   14.987   14.988   15.060   15.060   15.217   15.217
   15.275   15.276   17.233   17.233   17.362   17.362   18.637   18.637   18.706   18.706
   19.127   19.127   19.134   19.134   19.356   19.356   19.359   19.359   19.713   19.713
   19.793   19.793   20.090   20.090   20.190   20.190
            0.400000  0.400000  0.363636
  -48.245  -48.244  -48.244  -48.244  -22.668  -22.667  -22.666  -22.666  -22.562  -22.562
  -22.554  -22.554  -22.474  -22.474  -22.466  -22.466  -21.442  -21.442  -21.440  -21.440
   -6.207   -6.207   -6.162   -6.161   -5.467   -5.467   -5.410   -5.410   -5.067   -5.067
   -5.003   -5.003   -3.521   -3.521   -3.466   -3.466   -3.268   -3.268   -3.210   -3.210
   -3.159   -3.159   -3.137   -3.137    5.812    5.812    6.058    6.058    6.422    6.423
    6.496    6.496    7.004    7.004    7.030    7.030    7.572    7.572    7.649    7.649
    7.710    7.710    7.991    7.991    8.985    8.985    9.022    9.023    9.325    9.325
    9.342    9.342    9.497    9.497    9.547    9.547   10.158   10.158   10.171   10.171
   13.984   13.984   14.114   14.114   14.813   14.813   15.072   15.072   15.096   15.096
   15.294   15.294   17.212   17.212   17.696   17.696   18.510   18.510   18.767   18.767
   18.970   18.970   19.037   19.037   19.296   19.296   19.355   19.355   19.695   19.695
   19.850   19.850   19.947   19.947   20.179   20.179
            0.350000  0.350000  0.363636
  -48.245  -48.245  -48.244  -48.244  -22.669  -22.669  -22.666  -22.666  -22.561  -22.561
  -22.544  -22.544  -22.483  -22.483  -22.466  -22.466  -21.444  -21.444  -21.439  -21.439
   -6.193   -6.193   -6.090   -6.090   -5.487   -5.487   -5.364   -5.364   -5.135   -5.135
   -5.002   -5.002   -3.570   -3.570   -3.471   -3.471   -3.298   -3.298   -3.196   -3.196
   -3.192   -3.192   -3.147   -3.147    5.811    5.811    6.326    6.326    6.455    6.455
    6.623    6.623    7.002    7.002    7.076    7.076    7.440    7.440    7.452    7.452
    7.748    7.748    8.075    8.075    8.621    8.621    8.981    8.981    9.377    9.377
    9.575    9.575    9.579    9.579    9.590    9.590   10.134   10.134   10.177   10.177
   13.963   13.964   14.256   14.256   14.547   14.547   14.861   14.861   15.159   15.159
   15.323   15.323   17.173   17.173   18.164   18.164   18.334   18.334   18.731   18.731
   18.852   18.852   18.969   18.969   19.142   19.142   19.360   19.360   19.552   19.552
   19.667   19.667   20.110   20.110   20.152   20.152
            0.300000  0.300000  0.363636
  -48.245  -48.245  -48.244  -48.244  -22.670  -22.670  -22.665  -22.665  -22.559  -22.559
  -22.531  -22.531  -22.495  -22.495  -22.467  -22.467  -21.447  -21.447  -21.438  -21.438
   -6.182   -6.182   -6.000   -6.000   -5.509   -5.509   -5.305   -5.305   -5.214   -5.213
   -5.003   -5.003   -3.614   -3.614   -3.478   -3.478   -3.334   -3.334   -3.232   -3.232
   -3.193   -3.193   -3.158   -3.158    5.810    5.810    6.489    6.489    6.613    6.613
    6.784    6.784    6.996    6.996    7.200    7.200    7.248    7.248    7.290    7.290
    7.797    7.797    8.171    8.172    8.183    8.183    8.994    8.994    9.410    9.410
    9.617    9.618    9.684    9.684    9.836    9.836   10.086   10.087   10.203   10.203
   13.922   13.922   14.228   14.228   14.446   14.446   14.622   14.622   15.250   15.250
   15.361   15.361   17.114   17.114   18.131   18.131   18.431   18.431   18.647   18.647
   18.872   18.872   18.924   18.924   19.039   19.039   19.242   19.242   19.408   19.408
   19.624   19.624   19.893   19.894   20.115   20.115
            0.250000  0.250000  0.363636
  -48.245  -48.245  -48.244  -48.244  -22.672  -22.672  -22.664  -22.664  -22.557  -22.557
  -22.517  -22.516  -22.509  -22.509  -22.467  -22.467  -21.450  -21.450  -21.436  -21.436
   -6.184   -6.184   -5.900   -5.900   -5.527   -5.527   -5.290   -5.290   -5.237   -5.237
   -5.006   -5.006   -3.644   -3.644   -3.486   -3.486   -3.373   -3.373   -3.273   -3.273
   -3.206   -3.206   -3.168   -3.168    5.809    5.809    6.512    6.512    6.807    6.807
    6.972    6.972    6.973    6.973    7.077    7.077    7.095    7.095    7.476    7.476
    7.775    7.775    7.851    7.851    8.305    8.306    9.033    9.033    9.442    9.442
    9.680    9.680    9.791    9.791    9.998    9.998   10.004   10.004   10.290   10.290
   13.739   13.739   14.006   14.006   14.389   14.389   14.670   14.671   15.363   15.363
   15.412   15.412   17.027   17.027   17.915   17.915   18.115   18.115   18.670   18.670
   18.870   18.870   18.882   18.882   19.015   19.015   19.197   19.197   19.524   19.524
   19.556   19.556   19.614   19.614   20.082   20.082
            0.200000  0.200000  0.363636
  -48.245  -48.245  -48.243  -48.243  -22.673  -22.673  -22.664  -22.664  -22.555  -22.555
  -22.522  -22.522  -22.502  -22.502  -22.468  -22.468  -21.453  -21.453  -21.435  -21.435
   -6.203   -6.203   -5.798   -5.798   -5.534   -5.534   -5.356   -5.356   -5.169   -5.169
   -5.012   -5.012   -3.659   -3.659   -3.493   -3.493   -3.412   -3.412   -3.308   -3.308
   -3.231   -3.231   -3.177   -3.177    5.807    5.807    6.511    6.511    6.724    6.724
    6.880    6.880    6.995    6.995    6.996    6.996    7.215    7.215    7.511    7.511
    7.842    7.842    7.906    7.906    8.430    8.430    9.089    9.089    9.494    9.494
    9.766    9.766    9.881    9.881    9.891    9.891   10.057   10.057   10.442   10.442
   13.375   13.375   13.952   13.952   14.192   14.192   14.910   14.910   15.433   15.433
   15.532   15.532   16.900   16.900   17.691   17.691   17.832   17.832   18.382   18.382
   18.634   18.634   18.893   18.893   19.063   19.063   19.215   19.215   19.370   19.370
   19.461   19.461   19.960   19.960   20.067   20.067
            0.150000  0.150000  0.363636
  -48.245  -48.245  -48.243  -48.243  -22.675  -22.675  -22.663  -22.663  -22.554  -22.554
  -22.534  -22.534  -22.489  -22.489  -22.468  -22.468  -21.456  -21.456  -21.434  -21.434
   -6.236   -6.236   -5.705   -5.705   -5.529   -5.529   -5.406   -5.406   -5.110   -5.110
   -5.020   -5.020   -3.657   -3.657   -3.500   -3.500   -3.450   -3.450   -3.334   -3.334
   -3.267   -3.267   -3.182   -3.182    5.803    5.804    6.383    6.383    6.483    6.483
    6.912    6.912    6.950    6.950    6.979    6.979    7.362    7.362    7.479    7.479
    7.956    7.956    8.180    8.180    8.542    8.542    9.127    9.127    9.588    9.588
    9.745    9.745    9.876    9.876    9.975    9.975   10.077   10.077   10.587   10.587
   13.001   13.001   13.928   13.928   14.047   14.047   15.143   15.143   15.473   15.473
   15.691   15.691   16.717   16.718   17.462   17.462   17.620   17.620   18.091   18.091
   18.390   18.390   18.937   18.937   19.012   19.012   19.065   19.065   19.357   19.357
   19.524   19.524   20.067   20.067   20.228   20.228
            0.100000  0.100000  0.363636
  -48.246  -48.245  -48.243  -48.243  -22.676  -22.676  -22.663  -22.663  -22.552  -22.552
  -22.543  -22.543  -22.478  -22.478  -22.469  -22.469  -21.459  -21.459  -21.433  -21.433
   -6.272   -6.272   -5.627   -5.627   -5.516   -5.516   -5.441   -5.441   -5.068   -5.068
   -5.029   -5.029   -3.642   -3.642   -3.505   -3.505   -3.481   -3.481   -3.347   -3.347
   -3.307   -3.307   -3.185   -3.185    5.793    5.793    6.100    6.100    6.444    6.444
    6.929    6.929    6.940    6.940    6.963    6.963    7.280    7.280    7.737    7.737
    7.996    7.996    8.437    8.437    8.630    8.630    9.115    9.115    9.475    9.475
    9.867    9.867    9.998    9.998   10.039   10.039   10.086   10.086   10.695   10.695
   12.673   12.673   13.912   13.912   13.957   13.957   15.342   15.342   15.503   15.503
   15.841   15.841   16.487   16.488   17.264   17.264   17.473   17.473   17.871   17.871
   18.194   18.194   18.898   18.898   18.986   18.986   19.054   19.054   19.265   19.265
   19.629   19.629   20.074   20.074   20.162   20.162
            0.050000  0.050000  0.363636
  -48.246  -48.246  -48.243  -48.243  -22.677  -22.677  -22.663  -22.662  -22.552  -22.552
  -22.549  -22.549  -22.472  -22.471  -22.469  -22.469  -21.460  -21.460  -21.433  -21.433
   -6.300   -6.300   -5.575   -5.575   -5.505   -5.505   -5.460   -5.460   -5.044   -5.044
   -5.035   -5.035   -3.624   -3.624   -3.508   -3.508   -3.502   -3.502   -3.353   -3.353
   -3.340   -3.340   -3.186   -3.186    5.762    5.763    5.938    5.938    6.413    6.413
    6.939    6.939    6.942    6.942    6.949    6.949    7.238    7.238    7.945    7.945
    8.022    8.022    8.617    8.617    8.684    8.684    9.063    9.063    9.296    9.296
   10.063   10.063   10.079   10.079   10.091   10.091   10.102   10.102   10.759   10.759
   12.441   12.441   13.903   13.903   13.912   13.912   15.479   15.479   15.521   15.522
   15.950   15.950   16.279   16.280   17.135   17.135   17.383   17.383   17.750   17.750
   18.064   18.064   18.842   18.842   19.024   19.024   19.043   19.043   19.203   19.203
   19.679   19.679   20.082   20.082   20.105   20.105
            0.000000  0.000000  0.363636
  -48.246  -48.246  -48.243  -48.243  -22.677  -22.677  -22.662  -22.662  -22.551  -22.551
  -22.551  -22.551  -22.469  -22.469  -22.469  -22.469  -21.461  -21.461  -21.432  -21.432
   -6.310   -6.310   -5.557   -5.557   -5.501   -5.501   -5.466   -5.466   -5.037   -5.037
   -5.037   -5.037   -3.615   -3.615   -3.510   -3.510   -3.510   -3.510   -3.354   -3.354
   -3.354   -3.354   -3.187   -3.187    5.736    5.736    5.898    5.898    6.402    6.402
    6.942    6.942    6.944    6.944    6.944    6.944    7.226    7.226    8.031    8.031
    8.031    8.031    8.703    8.703    8.703    8.703    9.013    9.014    9.220    9.220
   10.093   10.093   10.093   10.093   10.144   10.144   10.144   10.144   10.780   10.781
   12.355   12.355   13.900   13.900   13.900   13.900   15.528   15.528   15.528   15.528
   15.990   15.990   16.194   16.194   17.091   17.091   17.352   17.352   17.713   17.713
   18.019   18.019   18.825   18.825   19.039   19.039   19.039   19.039   19.181   19.181
   19.691   19.691   20.085   20.085   20.085   20.085
